0.9999985098107689 0.0016356205748563617 0.0005523781104644987 0.0006218259415640831 -0.001636349638464935 0.9999977873346283 0.0013220006461820352 -0.019072228352159264 -0.0005502145967797127 -0.001322902559872263 0.9999989735958307 0.6338341329097748
0.9999960404667186 0.0025925695624505617 -0.0010943646322892008 -0.007670958843057525 -0.0025910063763113903 0.9999956245906106 0.0014274051955394473 -0.03618364668105023 0.001098060491259153 -0.0014245640379407988 0.9999983824389213 1.358366148913317
0.9999927583668511 0.0032282501602354375 -0.0020153448239534962 -0.012927839306185868 -0.0032266881511185215 0.9999944917176998 0.0007778289238360698 -0.04855471336726381 0.0020178447492132834 -0.0007713204018204822 0.9999976666809807 2.220622218523078
0.9999890404904295 0.004223145261882698 -0.0020208768213573233 -0.018200969314837463 -0.0042216893540218585 0.999990826425 0.0007241580241087133 -0.06087937117943772 0.002023916507220606 -0.0007156185735294041 0.9999976958233598 3.2210386264926925
0.9999813156510174 0.005715611921669163 -0.0021679781411418674 -0.026189288200136225 -0.005712530581428527 0.9999826682679082 0.0014248361837247577 -0.0757811676241569 0.002176084377003668 -0.0014124249201571172 0.999996634850652 4.1555282152994595
0.9999818333608192 0.0056497528058009295 -0.00210077166012124 -0.027949191223552283 -0.005644855995621664 0.9999813540468707 0.0023296264454899084 -0.08861396554138551 0.002113894302778205 -0.00231772557050578 0.9999950797874239 5.066886246721151
0.9999787920464235 0.006077263355230778 -0.002341437055907567 -0.029408885122394663 -0.006075135248422139 0.9999811276374954 0.0009149319954922483 -0.10361505220079321 0.002346953150147399 -0.0009006880448666565 0.9999968402809863 5.97788082867579
0.9999803923674866 0.006049503998517066 -0.0016181415079343077 -0.025950292663801968 -0.006051163956127231 0.9999811683464845 -0.0010229209041117046 -0.10957521959033524 0.0016119228715545005 0.0010326924866232517 0.9999981676237633 6.847026885788656
0.9999813502203639 0.005878167389477299 -0.00165721440954778 -0.025195524314915643 -0.005881627298445512 0.9999805175258798 -0.0020907005993161527 -0.12320313650670603 0.001644892634826873 0.0021004087257212637 0.9999964412993702 7.798387707663623
0.9999883008150313 0.0046343098916509125 -0.0013861475014624264 -0.020305753126051686 -0.004636949591390955 0.9999874305070628 -0.0019072300254809132 -0.13652313221166298 0.001377291383318456 0.0019136352085345797 0.9999972205305047 8.686325040251027
0.9999914487428813 0.003980614784441284 -0.0011212256921667172 -0.017468111443702812 -0.003982406663430885 0.9999907894239449 -0.0016004700695189445 -0.152184925429768 0.0011148445102114209 0.0016049215601555626 0.9999980906724295 9.601220689545244
0.9999928937500187 0.003769226862928962 7.333703613466524e-05 -0.019685254438306588 -0.0037691645183027633 0.9999925501874133 -0.0008324473005586387 -0.16819462741781405 -7.64741725147282e-05 0.0008321649656255479 0.9999996508265246 10.584210023804978
0.9999942258559141 0.003068647530707367 0.001460019576730963 -0.01956713163486033 -0.0030680352001618096 0.999995204756823 -0.0004214538774250148 -0.17708728850702882 -0.0014613058689823153 0.0004169720524352649 0.9999988453590659 11.43599806441374
0.9999970856030213 0.0006573990665300168 0.002323060897180646 -0.01154272102663377 -0.0006518595478065028 0.9999969445417541 -0.0023845306217909513 -0.1836336880759072 -0.0023246213873699476 0.002383009362896147 0.9999944586855379 12.266298856596674
0.9999886096353288 0.0015192422071345826 0.004524654983401083 -0.004495063734580625 -0.0014962011627518668 0.9999859195649433 -0.0050913705360650825 -0.1995614117845639 -0.004532326299300986 0.005084542749450783 0.9999768024526098 13.220553870506164
0.9999705382179139 0.0009251174021692265 0.007620161019875768 0.00915851869938775 -0.0008785336033337436 0.999980921509613 -0.006114310712866738 -0.2163722477583934 -0.007625672093949742 0.006107436006858131 0.9999522730363376 14.147819929264703
0.9999114759737145 0.001498376505890209 0.013221009186691968 0.025204654495066765 -0.0014221026322234001 0.9999823037667314 -0.005776657985708714 -0.24001341618250013 -0.0132294308332377 0.005757344980720299 0.9998959121521607 15.13508620864711
0.9998477418206718 0.0016315948907354731 0.01737328622384609 0.04095116067305764 -0.0015620928337589223 0.9999907264726107 -0.004013332126638842 -0.2613419199143334 -0.017379673244393094 0.003985582378087089 0.9998410184079393 16.119924091055427
0.9997498494808789 0.0012511161868601268 0.022330991273278335 0.06829258898816484 -0.0011932670838069482 0.9999958985071566 -0.002603667131388438 -0.279839574671768 -0.02233415717297071 0.0025763689858687194 0.9997472419297897 17.131958996393
0.9996880824256128 -0.0008499551926064023 0.024960277089244497 0.09637707179816726 0.0009325045503988823 0.9999941341311318 -0.003295775870860257 -0.2969713247518353 -0.02495732941371707 0.003318023432409832 0.9996830109734969 18.084629723758383
0.9995965572697819 -0.002125193082911603 0.028323245731383527 0.12519599875539258 0.0022937146875359198 0.9999798532598883 -0.005918779203875346 -0.3056774679109092 -0.028310096561689296 0.005981356760166539 0.9995812932443139 19.037447297468557
0.9994267666244653 -0.0028311065723254127 0.03373607846420233 0.16329687209102284 0.003080818340499428 0.9999682260687432 -0.007352238521916062 -0.3298600668465948 -0.03371419156556364 0.007451958702679451 0.9994037330321381 20.063377386740644
0.9992726474222521 -0.005180218264081107 0.037780172742592946 0.20726786868131167 0.005496174065910564 0.9999507484268524 -0.008263945257233642 -0.353207897813024 -0.0377355029694967 0.008465580860981885 0.9992519030536416 21.014160403937144
0.9990670366517274 -0.0062716984177399945 0.04272846913818388 0.2536436412086436 0.0067046451517034636 0.9999275537177275 -0.009996751946021391 -0.36923177633407284 -0.04266267700608523 0.010273904566301017 0.9990367074715703 21.892423827935744
0.9988307425731693 -0.007580310608881455 0.04774606352154894 0.3020667130707428 0.008109716525065971 0.9999076632787236 -0.01090400909597505 -0.38642714895662317 -0.04765899903075996 0.011278466542704908 0.9987999879874998 22.775967688300668
0.9986293214911867 -0.00827445334484092 0.05168183123589922 0.3560190194744593 0.008820051621874306 0.9999076647453441 -0.010337730548802155 -0.40404537240850635 -0.05159152011173337 0.010779397263122634 0.998610093904124 23.68968548311818
0.9984060981275992 -0.009001830349601633 0.05571561964098559 0.41915620262210823 0.009518892996936977 0.999913993663072 -0.009021970565119391 -0.4248592439429447 -0.05562961349618431 0.009537941450963485 0.9984059163362072 24.715719465578122
0.9981901041180252 -0.009856957727163215 0.059324163923402264 0.4863197076625915 0.010362461576360015 0.9999125263150498 -0.008219434794007545 -0.44332477918643537 -0.059237955998871585 0.008819302842027647 0.9982049310970446 25.76079138316537
0.9979394022847616 -0.010117821777217432 0.0633607058831958 0.5498795992243045 0.010614083240348092 0.9999155373886173 -0.0075006216941642416 -0.4651168276047202 -0.06327946431899797 0.00815768173664983 0.9979625051193972 26.691675618181826
0.9977382905333531 -0.010504561706010617 0.06639245278604408 0.6169838791950012 0.01096473565713025 0.9999182980611758 -0.006570523145880793 -0.484841481253949 -0.06631800792810148 0.007283638225908401 0.9977719531228774 27.6200108210303
0.9974821208654157 -0.010861743078759381 0.07008167443150654 0.6816392842600926 0.01127939938593034 0.9999208910267212 -0.005566582238709707 -0.5108002507239845 -0.07001566755609294 0.006343045452987612 0.9975257250171823 28.505699874684357
0.9971659941195685 -0.01012316326590013 0.07454865348901525 0.7534589130776286 0.010526039397140275 0.9999320324461862 -0.005013280627397331 -0.5265291884177974 -0.07449283634110855 0.005783775024248161 0.9972047760015619 29.430584977374174
0.9968523191607646 -0.01024785606473325 0.07861574416032971 0.8281802393161233 0.010692075778380803 0.9999291521371008 -0.005231655753979583 -0.5404275034262739 -0.07855656114771867 0.006055753665341343 0.9968912651579354 30.321300261900447
0.9965147463338029 -0.011496069715184038 0.08262082498003208 0.9214370650641275 0.0119787549846885 0.9999139459685188 -0.005348839751110998 -0.5503568802674889 -0.08255222449028407 0.006319892306827167 0.9965667008248549 31.312767829909
0.9960968127406673 -0.01126791868748738 0.0875452663274118 1.0096270402727714 0.01171940830406424 0.9999205368728953 -0.004644933672730893 -0.5665941960445889 -0.08748597097185302 0.005652782347978023 0.9961497131128628 32.235246329860665
0.9956731745432987 -0.012347397565784882 0.09210033261733123 1.1029197339824033 0.012791636323894582 0.9999092167761677 -0.004234648300435987 -0.5864706501036067 -0.09203968456610337 0.005394439676520106 0.9957407275418378 33.13836374811428
0.99521834049634 -0.013089187602778975 0.09679425555068855 1.212648535910834 0.013511863604337123 0.9999018184959737 -0.003712534226573507 -0.6038397137951805 -0.09673615808812401 0.005002652930690596 0.9952974877804148 34.18850191723223
0.9947366953166464 -0.014821978774326325 0.10138646820819748 1.3298314019293764 0.015145146797901118 0.9998823809029853 -0.002418447487086896 -0.6257653755972865 -0.1013386970460368 0.003941231405435548 0.9948441763291478 35.28151595993019
0.9940216962461529 -0.016599027218780923 0.10791357508354747 1.444680144718727 0.016843096079006102 0.9998572328379 -0.0013505762514720962 -0.6424127985409133 -0.10787575031672142 0.0031601008097592886 0.9941593615997771 36.30828010440794
0.993685019553405 -0.01800952386745337 0.11075079667983241 1.5530404527563715 0.01826277892111745 0.9998324116238759 -0.001272624242549687 -0.6579940645259184 -0.11070931677699182 0.0032872049604435274 0.9938473934474644 37.26247373666375
0.9931779348424316 -0.018984469352011084 0.11505294288085686 1.667789041088933 0.019382759693194303 0.9998093890923436 -0.002343951678285866 -0.6756929412306661 -0.11498651385618675 0.004558004631064864 0.9933565957021593 38.19685653452406
0.9925413848998147 -0.020020264052772338 0.12025301779338189 1.798656062368484 0.020481695696336358 0.999786841377927 -0.0026022968604631864 -0.6958168605586361 -0.12017528615551872 0.005045873046814737 0.9927398651019478 39.237753749901216
0.9917679535615784 -0.02238454000615684 0.12607640007944443 1.9377669005683167 0.022854388527758007 0.999736201556249 -0.0022812765954245994 -0.7143768320178441 -0.12599207599409432 0.005143896052148861 0.992017911693182 40.287792985563314
0.9910224706642421 -0.021840702286987892 0.13189937968827872 2.063087762841447 0.022304490155973723 0.9997491433247638 -0.0020396421945862984 -0.733776086636278 -0.13182174463048044 0.004963279662786201 0.9912610117913262 41.23824507165693
0.9900551745557158 -0.020022377347625922 0.13924746224186982 2.1933908473946127 0.0205998822841368 0.9997841347746665 -0.0027071576885573045 -0.7509788997060837 -0.13916319982427597 0.005548716808441748 0.9902539146887768 42.160399074361166
0.9890316707817081 -0.017829719885564952 0.14662351543850366 2.335111651898843 0.01862129314771495 0.9998184958063391 -0.004027764275057493 -0.7718341792978879 -0.14652508874677286 0.00671390589380387 0.9891841698265281 43.12567486063335
0.9878046563482993 -0.015873471598537022 0.15488703559700678 2.4894242846187904 0.01690037005977482 0.9998430497786325 -0.005315383448497502 -0.7919742531144021 -0.1547783524542778 0.00786820873975344 0.987917887732966 44.10769482323741
0.9867545551522218 -0.015418276699632577 0.1614859889586543 2.6555941502611415 0.01645847916663932 0.9998515143438489 -0.005105656454630608 -0.8125482468705058 -0.16138329018167372 0.00769584354862925 0.986861797640486 45.12282552355014
0.9860298810139592 -0.01586221784130032 0.1658115309402572 2.820996522273423 0.01667875423081199 0.9998546574280384 -0.0035331539404062015 -0.8274456294508156 -0.16573138780841984 0.006249325132649954 0.9861511309279524 46.10171425838474
0.9856074041058994 -0.015997369108125114 0.16829179764102692 3.000583078000639 0.01665205286734618 0.9998582704861267 -0.002479531365700746 -0.841835591358291 -0.16822827974788604 0.0052462483842065704 0.9857341034837723 47.15543444952305
0.9850572019229985 -0.016118336322125407 0.1714715958222815 3.190995286602608 0.016629202490328444 0.9998605342427167 -0.0015432719799497116 -0.8624598451943075 -0.17142280642950813 0.0043716470666439015 0.9851878552528723 48.22508739104923
0.9841902143459699 -0.017113649565981496 0.17628597500699492 3.3688283749245307 0.017494518667077418 0.9998467752850786 -0.0006064393093140628 -0.8841922669399708 -0.17624858524890713 0.003680889914325443 0.9843388071427418 49.18946780441511
0.9837003875193757 -0.01759805692046794 0.17895210528757186 3.551633526470745 0.018030401806131108 0.9998371272104855 -0.0007897228576709912 -0.9034658525952914 -0.17890906127119344 0.00400342904351186 0.9838574695304968 50.18702362460643
0.9829079517034589 -0.01798693372203863 0.1832168897601689 3.7372569909226057 0.01849611044137658 0.9998283592694196 -0.0010704667952690155 -0.9222815676372407 -0.18316618786405758 0.0044409701528340334 0.9830719329771596 51.187856003686626
0.9817336105644483 -0.018408697363740196 0.18936799557861508 3.937638164861816 0.018969493015948333 0.9998194025634968 -0.0011491702611740866 -0.9375168357080251 -0.1893126414765004 0.004720393939228397 0.9819055156471254 52.208460750958686
0.9809918459652106 -0.01846380992090188 0.19316854265892625 4.125853484980967 0.01920193720345074 0.9998137252686701 -0.0019494542872674492 -0.9536972090603821 -0.1930965658871314 0.005621608985710084 0.9811636528913039 53.156421743727805
0.9803226194622126 -0.01936788689683332 0.19644960353204444 4.3239423084190864 0.020346049817615088 0.9997886098160521 -0.00296208354097619 -0.974200402185168 -0.19635070671521668 0.006900770916069392 0.980509448875021 54.13084129967743
0.9797201480246551 -0.01904054325314279 0.1994640049411754 4.53382163032468 0.020223213277619712 0.9997879092168153 -0.0038933569828842342 -0.9903724859968249 -0.19934756883211766 0.007848203392717747 0.9798974193782886 55.17239365761365
0.9791453900662789 -0.018619535957066117 0.2023057537310744 4.738904510253363 0.019956607427785693 0.9997903968535418 -0.004571233904519678 -1.0042881495297205 -0.20217823555449232 0.00851323911211846 0.9793117408812635 56.17043174159382
0.9785362949829287 -0.018291725486930272 0.20526113168301915 4.953650746102894 0.019702299468789188 0.9997942230783239 -0.004830206502012024 -1.023247008499472 -0.2051305408678216 0.00877064866020271 0.978695323849743 57.19011526047062
0.9780075241058913 -0.017775605185023854 0.20781075682594155 5.186709573781308 0.01941502049497934 0.9997943850374675 -0.005851890867943376 -1.0413107956930647 -0.20766400692330853 0.009757843401947994 0.9781515448644437 58.27747123412065
0.9775511702789074 -0.016355470719636177 0.21006239088394127 5.406047002437639 0.017908321015813754 0.9998245486442977 -0.005492173214629462 -1.0626047567407901 -0.2099357080744796 0.009130745082634463 0.9776725566208256 59.32283244676453
0.9771160739894862 -0.01671167821446631 0.21204928144803717 5.633813398802062 0.018085434547142225 0.9998261356355179 -0.004540435814583164 -1.0778405672555569 -0.21193653533219262 0.008271536217743767 0.9772484262867775 60.3776775271252
0.9768348654138543 -0.016046328903721447 0.21339203602902101 5.861422482004036 0.01739560203529846 0.9998387969925431 -0.004446690717038594 -1.0957794087850505 -0.213286283529267 0.008055765464378344 0.9769565322474973 61.44166667303524
0.9766190428519251 -0.016792830991727653 0.21432042825235514 6.076845218785328 0.018147240972569246 0.9998258473667999 -0.004353456367414632 -1.115577838053753 -0.21420999692841855 0.008140992847481817 0.9767537056245976 62.42705296889404
0.976294611794561 -0.018338434418105343 0.21566764431411717 6.299260855110897 0.01968894917894925 0.9997976852117105 -0.004115085118581738 -1.1394998593528085 -0.21554854734174483 0.008263804716791681 0.9764581574601471 63.42435334821724
0.9757611606071503 -0.020292946074002654 0.21789528170711958 6.511083851840362 0.021858305068868666 0.9997496719019637 -0.004775775479593788 -1.16566877817105 -0.21774382184140978 0.009422837765388893 0.9759604695777094 64.35799964472518
0.9750307769961777 -0.021215781092018462 0.22105400820361992 6.725896758107656 0.023003916892878448 0.9997201489020678 -0.005517579796648183 -1.182818780199216 -0.22087508623159835 0.010464918149818024 0.9752459596277758 65.27725792486356
0.9743351071168653 -0.022032316576215738 0.2240215973201075 6.950832376866253 0.02406942940519253 0.9996900179417118 -0.006366364410559872 -1.2027564164469648 -0.22381188888813613 0.011595044371842639 0.9745633860033628 66.2372035400481
0.9736113616082741 -0.023242189637731055 0.22702580727337246 7.182028306049214 0.025399500235784484 0.999655689697311 -0.0065853962344898246 -1.220985778891205 -0.2267945809208303 0.01217795863996082 0.973866477186841 67.22663907928982
0.9728331311500626 -0.02373351723278412 0.2302876876789694 7.4254860233002935 0.02591372285223472 0.9996433937236687 -0.006447042156177448 -1.2457235494174281 -0.23005255465806704 0.012239507522245351 0.9731012365375505 68.25086259738143
0.9720104398373268 -0.025053847176188287 0.23359796572084832 7.65546299158578 0.0270431301211109 0.99962013093032 -0.005316291197987381 -1.266657693027311 -0.23337603553171227 0.011484710728674722 0.9723187375850468 69.21011873168672
0.9713801053417173 -0.02436572402609957 0.2362773845271651 7.916950094540395 0.026332811845596243 0.9996398476106962 -0.005172822166583287 -1.2879687371141988 -0.23606624910524215 0.01124662445121307 0.9716718785021177 70.29118592926581
0.9703215242628583 -0.024072291024487977 0.2406172569809464 8.171974356974241 0.026372342313775277 0.9996320657392759 -0.006342925721737458 -1.3107963780009377 -0.24037603689446133 0.01250031802230553 0.9705993524293391 71.31250801050196
0.9692795155606354 -0.02289662890439694 0.2448937833007457 8.432909274062144 0.025969513887229474 0.9996192352970753 -0.009325704935760364 -1.3337817092791873 -0.24458700918691323 0.015398987268720118 0.9695050624561465 72.33787705911173
0.9684149956567217 -0.022597978263026026 0.24831779550731717 8.70112047756387 0.026309183995633666 0.9995861221673437 -0.011636632155983416 -1.3628874090059921 -0.247952057915787 0.0178021276501877 0.9686087245252597 73.36612066781257
0.9676130484830296 -0.02241595772992465 0.2514408742516345 8.964608736035942 0.026178533603735794 0.9995896446157883 -0.011628703936266678 -1.3866718521104566 -0.2510770255991855 0.01783443904162674 0.9678028001614449 74.38951865002387
0.9669773464795818 -0.02245502440818051 0.25387119425829413 9.22939920744082 0.02636712597886552 0.9995800927565788 -0.01201718903741378 -1.4157831499937414 -0.25349474563177643 0.018314203328955395 0.9671633801450009 75.39791501445055
0.9661245856786466 -0.02346216113248423 0.2570074161230642 9.490987102721276 0.02748088590464007 0.9995496309309618 -0.012055547091300968 -1.4429450776629558 -0.2566088187439328 0.018709951917836865 0.9663342340215791 76.38742973715861
0.9655123880832074 -0.025883093759571884 0.25906735401299047 9.754047815728185 0.03010552748923238 0.9994705039455207 -0.012343782138310548 -1.4721806944634002 -0.2586106836007628 0.01971743391813986 0.9657803772738531 77.33207938988666
0.9645485108179916 -0.028029615756754757 0.2624128634791362 10.026985597250302 0.03285946142975379 0.9993614407403446 -0.014034477401197822 -1.4961309342873996 -0.26185191630640675 0.022159679643598065 0.9648536275128737 78.31105305837737
0.9636202079104266 -0.029080571314832805 0.26568856821223247 10.30606398361458 0.034393049327769966 0.9992902887534045 -0.015363494429031519 -1.5251247623782396 -0.2650532268518921 0.02394241372828194 0.9639364853351383 79.30184678329469
0.96247130474113 -0.029301261296129436 0.26979700449849303 10.589521776943284 0.03462277595339756 0.9992880965892814 -0.014985439608076018 -1.5550558746776257 -0.2691658428091956 0.023764176851353472 0.9628006091415755 80.31485222370162
0.9611738887455504 -0.029872063995006384 0.2743217369922247 10.871113934040897 0.03479671773323136 0.9993085179666524 -0.01310245604007048 -1.5869273137731617 -0.2737406510344174 0.022139234674360367 0.9615487040495051 81.29771522640337
0.9600380415091261 -0.03161995762636828 0.278077573951991 11.166097892003853 0.036183323767159936 0.9992813674100322 -0.011292290657470946 -1.617886978268133 -0.27752067659271634 0.02090279949764148 0.960492242049189 82.30683103068802
0.958589081590846 -0.03181423587882061 0.28301029495455027 11.451114202961687 0.036336404907209664 0.9992818722932522 -0.010742689817119358 -1.6400954167084523 -0.28246528695263406 0.020581401835985183 0.9590567071686777 83.25489233154043
0.9576200856861183 -0.03202031725793081 0.28624896641421976 11.747434130088006 0.036749343639842315 0.9992621713853218 -0.011162373418193858 -1.6606693504051109 -0.2856803409976757 0.021208774622497126 0.9580902518272789 84.23678361685475
0.9570356383194026 -0.03291922675012803 0.28809566379371987 12.063227686220781 0.03782444377325108 0.999218514861376 -0.01147479897277768 -1.6835316471563495 -0.2874927798046664 0.021878849795982144 0.9575328806321932 85.2532797476984
0.9553908112259014 -0.03379883902961966 0.29340421998560345 12.39017204035724 0.03878887111289182 0.9991846164093567 -0.011203830089259896 -1.7122271047805049 -0.2927863065495 0.02208485479081534 0.9559228200466636 86.30750746269382
0.9540420519279076 -0.03382770417493063 0.2977573669675324 12.721432886078963 0.038889463807365875 0.9991819753370029 -0.011090075131180608 -1.7408569768063815 -0.297138642316949 0.022160022380246648 0.9545771632770933 87.35183192420718
0.9531038280501865 -0.03102848924565013 0.30104871003080197 13.038010324015247 0.03640668191302723 0.9992617319302116 -0.012269662257471557 -1.770791301362379 -0.30044574629733195 0.022654446692897644 0.9535298262649539 88.36210226575407
0.9520672537032524 -0.029745548807010157 0.3044390690304283 13.347997098096144 0.03536211221795657 0.999290650256338 -0.012950572564368304 -1.793887221194668 -0.30383789336655903 0.02309542457782707 0.9524437704757888 89.3177413212959
0.9514549606934392 -0.028129562792619973 0.3064998947290831 13.658342725548712 0.033904067937015225 0.9993334852689568 -0.013531422597666768 -1.8139719913610808 -0.3059149750325489 0.023266132409372225 0.9517745085541741 90.26514986527269
0.9508974858214606 -0.02819227994517388 0.3082193485326883 13.971958665132997 0.03403275900270575 0.9993283327971021 -0.01358876681759184 -1.8387403957360657 -0.30762922938674947 0.023411079010846148 0.951218260236029 91.22192112043679
0.9501918344800996 -0.028366208813623693 0.31037209263218446 14.278826961152596 0.0343972617507783 0.9993105308756458 -0.01397466511505129 -1.8615838656773716 -0.3097616923884999 0.023954562792321728 0.9505124264574535 92.14977832005367
0.9494122722718857 -0.028963136187232 0.3126938982483201 14.561956835161062 0.035132347188070914 0.9992830289309017 -0.014111919491475028 -1.8883007039375574 -0.31206098032369817 0.024383700147370554 0.9497491140962072 93.00916187284189
0.9489325212950932 -0.029611421452208138 0.31408634759905374 14.861121064157263 0.03570611888828437 0.9992688624139302 -0.013667980242155127 -1.9161999534352618 -0.3134519789417023 0.024184795420758638 0.9492960299969561 93.89519340819903
0.9483828303865601 -0.02982014072220666 0.31572260963586724 15.182252375528055 0.03596216148731575 0.9992600038421221 -0.013644327121464368 -1.9415812076687955 -0.31508210036296 0.024294113047096312 0.9487534274521049 94.8310181192145
0.9478425627802878 -0.029989670838417082 0.31732490577497496 15.48946521527792 0.03641673438432931 0.9992337903861739 -0.014340627854321258 -1.9622831903449662 -0.31665169767249685 0.02514859426445785 0.9482084425734899 95.73822003751178
0.947468932897615 -0.03109769324865356 0.31833245933844745 15.776005890878327 0.037591183969725314 0.9991912482428879 -0.014274183779436416 -1.9907463623337387 -0.3176311132140643 0.025490839716013774 0.947871664841271 96.5677783401935
0.9475072669673846 -0.03196435336355129 0.31813245536732737 16.08712367246752 0.038752284845475306 0.9991358153075264 -0.015029404147047714 -2.0155338439573973 -0.3173771249842205 0.026568829176502613 0.9479271374177114 97.46896765232339
0.9476029576533095 -0.0316830540442814 0.3178754767721544 16.39547685179864 0.03871576814591876 0.9991248732384237 -0.015829623279496666 -2.03909073556663 -0.31709576462571787 0.027306991096172867 0.948000318720253 98.37009500218556
0.947548861638788 -0.031968860199618074 0.318008092325607 16.717780155120526 0.03941330824793693 0.9990783440106429 -0.017001578217931784 -2.0626844685998975 -0.31717147718542965 0.02864357705463164 0.9479355460966346 99.29139102755856
0.9472490837987148 -0.03204962063735658 0.31889182344408723 17.0199707730637 0.03992488546032207 0.9990371339354034 -0.018188142816443043 -2.092864618087756 -0.31800185025165095 0.029960421144114308 0.9476165872341993 100.14939882253839
0.9468162406453428 -0.033045033261707935 0.3200734794183222 17.31431354612663 0.041929389630715304 0.9989018804059048 -0.020903578802189578 -2.1270446327725834 -0.3190312410022161 0.03321233352651241 0.947162081254474 100.98690610462454
0.9466311529697671 -0.0345673860329199 0.32045991332767215 17.617833314226072 0.04423811150568941 0.9987575016771711 -0.022944331194922937 -2.1538437259739456 -0.319268616869147 0.035896360072063246 0.9469841612276502 101.86144656075865
0.9463882669865369 -0.03626866031181812 0.3209888353033533 17.925565869077836 0.04647193668326732 0.9986268911380294 -0.024180392819326612 -2.179104702085789 -0.3196710922356346 0.03780101288558941 0.9467742477558717 102.73682858534634
0.9460695590766928 -0.03705516148051727 0.32183738812649365 18.23552248412186 0.047902748049952114 0.9985174846245032 -0.025848783886567753 -2.207762334622313 -0.32040242838919497 0.03987164289071198 0.9464420404734247 103.63630486414854
0.9454136707228519 -0.037535276345335204 0.3237037136642403 18.573124450021044 0.04961704080708447 0.9983428773057335 -0.029148732295825305 -2.245186020849415 -0.3220731911722693 0.04361883036699738 0.9457093936117601 104.59627747648254
0.9452291647694414 -0.037347191192233724 0.32426380214157857 18.91180395632817 0.05057908762329341 0.9981920618032512 -0.03247096623394551 -2.285177836470248 -0.3224648538437284 0.047093471554150286 0.9454092357135709 105.5636092970181
0.9449535601837038 -0.036746977630422846 0.32513447791824635 19.259140773692298 0.050891387269142406 0.9980870806353614 -0.035103364092355226 -2.3310427801963596 -0.3232225793442708 0.04971759350378382 0.9450160448893058 106.56636524435694
0.9445357097500784 -0.03688206550334373 0.3263311297610463 19.611851751582194 0.051718937533772345 0.9979795922208068 -0.036903726250424866 -2.388164410471008 -0.3243107221589988 0.05173438658180461 0.9445348636962588 107.59126101116999
0.9446756596332619 -0.0366737928762541 0.32594927674797586 20.00146064765302 0.051491085925521714 0.9979898350094148 -0.036945328366210756 -2.448970931225985 -0.32393913960290327 0.05168483466110936 0.9446650791150168 108.71859960188891
0.9448040625540031 -0.03625343454007559 0.3256239731123876 20.36771359839716 0.05063667173053329 0.9980752098990002 -0.0358022745243389 -2.501965243468274 -0.32369925989643916 0.05031464865335313 0.9448212663109268 109.7900672421389
0.9445563237351812 -0.03614548636286586 0.32635388017835637 20.713225521045974 0.05057709293787293 0.998076830903143 -0.03584127905485716 -2.5545277232388823 -0.32443074601805333 0.05036013731043887 0.9445679158261938 110.77732228277974
0.9441773208192596 -0.034943932429625325 0.3275791636183786 21.07684685610979 0.04949376619516615 0.9981188206512768 -0.03618268880996149 -2.601404695609855 -0.32569856302781053 0.050376000715162614 0.9441306607634148 111.80973867361661
0.9435991150331874 -0.03395032204374413 0.3293449342888242 21.465083957445746 0.04833346392776246 0.9981973234576149 -0.03558060857817568 -2.6535552750050617 -0.3275432587816873 0.04949221226794904 0.9435390477089404 112.91883578708607
0.942605352719989 -0.033212961624355976 0.332252988254075 21.85408101677349 0.04781845432211899 0.9982115047378828 -0.035877391699665084 -2.7054144387318306 -0.3304671609250558 0.04970604579995109 0.9425077000009409 114.025839505266
0.9417674670785449 -0.032203414171622174 0.3347192526105292 22.259175583470093 0.04740566102095165 0.9981773325241693 -0.03734589854450343 -2.764335709176863 -0.33290650527682214 0.0510387397044704 0.9415775622824439 115.16170440623831
0.9407773009986495 -0.030830654438700783 0.3376204091469838 22.649580574872157 0.046006152714520326 0.9982542945790984 -0.03703778161271325 -2.822890114816608 -0.33588912432245177 0.05037692032334079 0.9405533807608317 116.24568629943956
0.9398784049840161 -0.030539414064160535 0.3401410413833047 23.040001203119424 0.04548993301493009 0.9983135787071319 -0.03606472741131927 -2.8779749883799206 -0.3384660246450127 0.049369451663689196 0.939682609929239 117.32356153473383
0.9389266911625503 -0.030305104904459843 0.3427802054367689 23.37962785106298 0.04539846500720074 0.9983167448119348 -0.03609233163829049 -2.926339924835994 -0.34110943698105706 0.04944974868316379 0.9387220431829839 118.25927592558753
0.9379648135898628 -0.030973500029752306 0.3453442496455383 23.754650690878897 0.046679223621490074 0.9982150231185613 -0.037253425379439105 -2.9754129363211637 -0.34357394917168527 0.051062803647209276 0.9377363870162321 119.25274657573861
0.9370837857941704 -0.03241149020339589 0.34759671129695646 24.12095357755905 0.04879751733937767 0.9980668444750727 -0.03848865106860325 -3.02666452467803 -0.3456772782570147 0.053028947400101493 0.936853857351539 120.2202824104866
0.9368502950052503 -0.032004934184914464 0.34826313175010903 24.502745842289382 0.048683791537458346 0.9980429964001587 -0.039243671822679856 -3.0821793519677283 -0.34632558841372335 0.05372021523047158 0.9365749971494424 121.2344234212207
0.9362545842203209 -0.033207292422945706 0.34974938063757854 24.88776355171019 0.04947964831261196 0.9980636855323751 -0.03769143171051337 -3.134655910707351 -0.3478205254571573 0.05259425207629659 0.9360847860740178 122.25570745585563
0.9341509026527761 -0.035691368722940243 0.3550890272476554 25.26921042033314 0.05121364641468026 0.9980948110229694 -0.03440800241123222 -3.1833034986341224 -0.3531844468460001 0.05032767039812568 0.9341990537879926 123.2396713369283
0.9328844472428416 -0.037277415608217374 0.3582415419489895 25.618172870989074 0.052139246459180985 0.9981298138772453 -0.0319119668469504 -3.2306614979370543 -0.35638196793761334 0.048448621600044615 0.9330833960552336 124.14039075066324
0.9322815499330048 -0.038102577407687264 0.35972114929401244 25.97173897999903 0.0529068080507824 0.9981058010679797 -0.03139553370020578 -3.277691109700827 -0.3578435151241273 0.048301174616506896 0.9325315089659292 125.06613798048771
0.9318243865349995 -0.03716814815513689 0.36100116540170496 26.297477326654402 0.052558895269134195 0.9980755328273381 -0.032905824704903865 -3.3200775987082043 -0.3590833819417983 0.049636272363458904 0.9319846378986617 125.90907607501954
0.9316214166116706 -0.03710893591728297 0.36153072204938613 26.64167482716384 0.05381743298262066 0.9978924638073682 -0.03625347684868393 -3.3651035576356945 -0.35942345501876266 0.05323117086392065 0.9316550984301165 126.78764619987166
0.9312127329323705 -0.036268508606831305 0.36266712190114586 26.99675546210071 0.05434140177030519 0.9977307707249095 -0.039753253983951624 -3.4092509595354064 -0.360402355816749 0.05672657606546071 0.9310704793352782 127.6857176113273
0.930701325084756 -0.03694589018628329 0.3639093907606961 27.37601144501561 0.05509211087200146 0.9976953954112989 -0.039607540882449804 -3.4645324925957874 -0.3616073876528864 0.0569113272857955 0.9305918536186645 128.6409324075704
0.9302041847104985 -0.03829166208128331 0.36503961889379605 27.739662673499843 0.05565274525941699 0.9977586748782893 -0.03715371650597304 -3.513179935581872 -0.36279876886803974 0.0548759994912948 0.9302503308183574 129.55419605587326
0.9295784332367779 -0.03899609839633435 0.36655591765911905 28.10578847534819 0.0550066352417432 0.9979295184661462 -0.03333086037447635 -3.564338997397371 -0.36449719688968407 0.05114665662371721 0.9297988024168323 130.47802878761172
0.9286184525266807 -0.03942720701913138 0.3689353127224637 28.45895871900665 0.05469338842639119 0.9980215998561214 -0.031008377627082737 -3.6095816307859527 -0.36698283732266185 0.04897327401036637 0.9289376811946601 131.35995882214377
0.9280688097443317 -0.03961029906856816 0.3702962443604267 28.803503245013314 0.05453081773644572 0.9980640837715767 -0.029907768258324696 -3.6520291543373506 -0.36839472620645997 0.047949023899321534 0.9284321282734498 132.227457171107
0.9274402158824463 -0.04061828469591775 0.37175906298607025 29.15406271147784 0.055666891831019166 0.9980036154127258 -0.02983254560035141 -3.6935655402935423 -0.36980514209214693 0.0483625740783595 0.9278497821903712 133.09588934953717
0.9268008828487302 -0.04160065130332193 0.3732418912206294 29.482099632501054 0.0566675410699472 0.9979577217231042 -0.02948178153220401 -3.7329661776382173 -0.3712531661008407 0.0484744413517699 0.9272655041549495 133.8954813765079
0.9262671778102888 -0.0427127796997657 0.37443922572519095 29.828878525189225 0.05786240607244677 0.9978943418405665 -0.029305707397794898 -3.7729952713016432 -0.3723990564903035 0.04881086941345319 0.9267882399729895 134.73600507256145
0.9255625889069121 -0.04519313856552198 0.37588758192115074 30.187485018321308 0.06035590011882709 0.9977655356660544 -0.028654862726456586 -3.8152017414615864 -0.37375267134400286 0.049208902280211804 0.9262221248704842 135.58743812074238
0.924403782408705 -0.04701714669974159 0.3785063209309625 30.54271647526828 0.06202417879791976 0.9976944295390481 -0.027546805825575903 -3.8559462303265195 -0.3763384757275307 0.04894091522400538 0.9251887042674659 136.43643725409473
0.9227018080547489 -0.04931183762837996 0.38234763773588 30.88684295559678 0.06448701680550593 0.997554090893032 -0.026967766056858862 -3.8896639063400227 -0.3800826200657188 0.049539665040080394 0.9236249366012655 137.25141901645324
0.9210157067710799 -0.050038849637799 0.38629804737778783 31.232745078015046 0.06630714350740281 0.9973807868687462 -0.028895132894034194 -3.9223297187063233 -0.38384037124937015 0.05222719130875171 0.921921303521695 138.06061380217815
0.9203633413926647 -0.049953365376880214 0.38786077541825614 31.609115134742794 0.0673486925846733 0.9972359935141135 -0.031377170794202755 -3.9565204318682867 -0.3852213304422043 0.05500031388489799 0.9211837449960225 138.94531140715137
0.9194921170168724 -0.051812522445379997 0.3896789823196461 32.07520688261493 0.06870917652166637 0.9971993716968328 -0.029537470256454267 -4.004298186489102 -0.3870572254919708 0.05393399304041397 0.9204769571201501 140.04773517722015
0.9191984684890298 -0.053009763900333226 0.3902103797423264 32.51787855765436 0.06867569072010837 0.9972924613636436 -0.026294410268266635 -4.049715142951262 -0.3877600095826483 0.050967749003373024 0.9203501852718832 141.0903748142317
0.9188594047753442 -0.05363523191744974 0.3909228263392392 32.952309975986985 0.06843601383363283 0.9973663610748176 -0.024017781057661853 -4.090738152003032 -0.3886050775098805 0.04882216395790279 0.9201100423536324 142.1056036957075
0.9180276025523904 -0.05460651034252372 0.39273839891220186 33.31934666947278 0.0691835239508271 0.9973377050837731 -0.02304651886886441 -4.127464017102177 -0.3904343234983998 0.04832836689191389 0.9193614131493139 142.95123844529206
0.9167776619087971 -0.055914626227766266 0.39546462951678246 33.69201000150708 0.07084567119993694 0.9972165143869857 -0.023240359422695943 -4.161726407406354 -0.39306438339954825 0.04932319948741018 0.9181871337015424 143.79234371256013
0.9161074392117003 -0.05720381037961894 0.396831052085179 34.05518039255586 0.07238847856129509 0.9971024644486355 -0.02337912663109124 -4.193276005867532 -0.39434384487723173 0.0501437879353393 0.9175938821390063 144.62060022248252
0.9150161671078549 -0.05700172574836093 0.3993697750117744 34.45952900919326 0.07226299839214399 0.9971146316087881 -0.023248021314544356 -4.233070056382965 -0.39689226875138733 0.050131972765622944 0.9164951239979393 145.54747080205237
0.9135869942376893 -0.056292189639612716 0.4027281879199896 34.87709133674039 0.0717500340695636 0.9971484465548996 -0.02338606730855854 -4.271848303057849 -0.4002633340324302 0.05026096814349924 0.9150208186213665 146.49155791851211
0.9125037125837698 -0.05633317267833234 0.4051710110272276 35.273751946991396 0.07187083682000132 0.9971435083849448 -0.02322512649157382 -4.30779097622828 -0.40270529837043995 0.05031299376652171 0.9139458656411872 147.3825477095002
0.9115968220659889 -0.056972215527854406 0.4071184111005463 35.678874736282395 0.07320373441332424 0.9970187080275951 -0.024390758719692218 -4.345688448135078 -0.4045150766870488 0.052037126177628776 0.9130496647127355 148.26437623796974
0.910090679970634 -0.058398710269835535 0.4102737438216158 36.04673932172617 0.0751993877816473 0.9968571406066722 -0.024917730609916564 -4.374561459385898 -0.407529147801541 0.053529728752374044 0.9116219401878397 149.06085820083044
0.9086738848068365 -0.059803606725457266 0.4132012822979549 36.438836676820934 0.07672650239549209 0.9967519172035675 -0.02446751685725617 -4.411454284533024 -0.4103959245657804 0.05393648277031427 0.9103109583687101 149.9089200312493
0.9070949112047251 -0.06110484766293813 0.4164673092315601 36.819846176204386 0.07774087902338933 0.9967062603170516 -0.02308649764388214 -4.446726486137357 -0.4136848774068945 0.05331817923447267 0.9088575212693992 150.73217294331394
0.9057780475597673 -0.06066911724567473 0.41938691773998027 37.252892506066026 0.07748586466967547 0.9967243236795844 -0.023163837373366546 -4.480278040101536 -0.41660781237898425 0.05347785334227247 0.9075120108663534 151.65935398752958
0.9043950501190131 -0.06003269885706922 0.4224519716940127 37.70296012048122 0.07703354737528932 0.9967568947201733 -0.023270698454680185 -4.519131155597677 -0.4196849126416165 0.05358887847050016 0.9060865335083982 152.61855263416163
0.903570283000437 -0.058485297827393805 0.4244292798765726 38.113308123303746 0.07537979955056907 0.99688710827074 -0.023107989599050204 -4.555429986491025 -0.4217565998276977 0.05287308674207349 0.9051661765665667 153.50690687569792
0.9034694243674701 -0.05712697594924575 0.4248287982846749 38.5693524823331 0.07384260939279867 0.9970053225459208 -0.02297076083108106 -4.5960526013024525 -0.42224432295907666 0.05212384707588707 0.9049822298226816 154.48386910516908
0.9026765533060386 -0.057898498521291024 0.42640685264252653 39.021140926541236 0.07392690864318834 0.9970400351729716 -0.0211182489978005 -4.632261305767744 -0.42392198844833073 0.050585888657326904 0.9042849194688334 155.43610253526725
0.9022796027188912 -0.056882892126106255 0.4273825629349007 39.44609181022906 0.07278412674280503 0.9971277347808146 -0.020946394084910933 -4.666879342812409 -0.42496351538893495 0.050006170761645534 0.9038281880280279 156.32974222686465
0.9019975015936923 -0.056529057618744466 0.42802450019066485 39.860425517011414 0.07271124494523118 0.9971204341080948 -0.021538680149698806 -4.704424647712929 -0.4255744141478034 0.05055002995857767 0.9035104385085616 157.20646240844897
0.9018118281867388 -0.05704178274782208 0.42834759432432506 40.26765819439907 0.07304259505045704 0.9971077772056259 -0.020996665076679216 -4.737515754985298 -0.4259110304403737 0.050222660791693984 0.903370067299229 158.06442380155264
0.9011338563164873 -0.05584689158515922 0.4299289449437499 40.69153425990999 0.07131568166582088 0.9972545298704649 -0.019936805194627576 -4.764328016977872 -0.42763517926932704 0.04862640592419615 0.9026425793735733 158.9559287292345
0.9008024347110787 -0.05529604832229883 0.43069399886523224 41.141366098012156 0.07060063062118578 0.9973117077082743 -0.01961908825322297 -4.797449372274431 -0.42845130945590226 0.04808019038996057 0.9022847503518939 159.9007803366612
0.8999578752944192 -0.05490372014871002 0.4325059585825153 41.62694819134915 0.0701131635657882 0.9973526279974989 -0.019284183189097852 -4.830969611738861 -0.43030218101973994 0.047679313546922904 0.9014248255230942 160.9194221516884
0.8985977640269508 -0.05613868611750645 0.4351672166038682 42.10260200386601 0.07143311334339629 0.9972671963894287 -0.01885336372187293 -4.864690219032117 -0.4329195869948911 0.048026939591856395 0.900152233941351 161.9087597679247
0.8984042630071436 -0.057296478052101564 0.4354157712042703 42.58986175325355 0.07195659183283554 0.9972587534135685 -0.01724029094328791 -4.89939292341185 -0.43323438125613584 0.04681978580505843 0.900064374672597 162.91443712082435
0.8978959690746514 -0.05824695458604883 0.4363371643590964 43.0591008173221 0.07187535242269405 0.9973041904441634 -0.014774486001779248 -4.927143388823274 -0.4343003136466743 0.04462783888957661 0.8996619329294968 163.88890404883006
0.8970630909502749 -0.057989663230923506 0.43808105393077257 43.53995191911107 0.07170274301886372 0.9973160926652956 -0.014809724993720722 -4.953228241209542 -0.43604647401200597 0.04469687091042194 0.8988134746611814 164.87242995860137
0.8959819643373221 -0.05699110908958343 0.44041836140988294 44.023098700397234 0.07118106567608151 0.9973390239407712 -0.015752054281215008 -4.983481825635178 -0.4383486916502024 0.04546300484570035 0.8976544656597815 165.86721393809535
0.8940668775625077 -0.05625380770659113 0.4443871370372139 44.475981118067324 0.07114968832476182 0.9973224999842191 -0.016898309871348754 -5.0116934947932235 -0.44224669619671636 0.0467262254384916 0.895675454369133 166.784936907666
0.8930408472100149 -0.056472310195030476 0.44641787978938374 44.94831436820713 0.07133517360530608 0.9973152279045452 -0.016541741032834435 -5.037331583733211 -0.4442851991920428 0.046617747381579616 0.8946716981149825 167.72636319450677
0.8915528452496285 -0.057721091479830115 0.44922355206028824 45.42927464969142 0.07250570733684242 0.997243440580973 -0.015762062739340825 -5.065032268630184 -0.4470754371813212 0.046623983276762655 0.8932803354224982 168.6632698896522
0.8902609518475393 -0.05839569831576388 0.45169168692120154 45.894775182074476 0.07336051493848185 0.9971823444558877 -0.015671845883984972 -5.088914155410763 -0.4495038069510281 0.047088367179855414 0.8920364416394992 169.56183932308045
0.8897190218323325 -0.05935629859558109 0.45263328645465606 46.34777966455496 0.07408414234662833 0.9971412302605263 -0.014862932660818475 -5.112344804447672 -0.45045710344324114 0.046756782733072315 0.8915728804904113 170.43838531410984
0.889224972590503 -0.06014066345296292 0.45349977808247044 46.831221631488994 0.07415989436201505 0.9971593257347111 -0.013175324227603282 -5.138130429705598 -0.45141916019330314 0.04534732296095492 0.8911589993433494 171.37662953728318
0.8884539973532165 -0.061221554395514154 0.45486417298406917 47.33255472829587 0.07533920514563922 0.9970737977676977 -0.0129555383182191 -5.169446485990306 -0.45273999023181866 0.045779505048532974 0.8904665845288053 172.33956427266233
0.8872372818668696 -0.06068864766803976 0.4573039401860722 47.86137149976588 0.07484391669077041 0.9971120526245008 -0.012881872741591336 -5.196794895605531 -0.45520148703608937 0.045655695758252006 0.8892171633774026 173.35137487445567
0.8869549355492452 -0.05950408009368137 0.4580067758855017 48.35509060577591 0.0735747905601628 0.9972059449392147 -0.012924920576415234 -5.225628603233342 -0.4559579942262833 0.045161574707744845 0.8888547348532564 174.30500019398448
0.8866914545236949 -0.05847731607933809 0.4586487413901895 48.869752551925664 0.07259969455413544 0.9972737636151542 -0.013203210045388636 -5.24825197660594 -0.4566262682164637 0.04500493205209406 0.8885195593039492 175.30539574645033
0.8858945924063083 -0.05958264158436478 0.4600442152305403 49.37003366964414 0.0730336922858197 0.997263418806304 -0.011478384113347522 -5.270166074855826 -0.4581013544362804 0.04376736606859586 0.8878218102361839 176.26176885927904
0.886039966962548 -0.06037454435581605 0.45966084381729555 49.84633155596972 0.07373988426877996 0.9972150575506605 -0.011160576250847572 -5.294375286231678 -0.4577069001151582 0.04378405403856122 0.8880244085603237 177.1817695061831
0.8861510922669498 -0.059785179197437976 0.4595236381541388 50.31702814682296 0.07359561826275819 0.9972137519127453 -0.012182691353679255 -5.31776718440285 -0.45751494691059863 0.044614631506119946 0.8880819827070905 178.09149561067915
0.8859976499504119 -0.05914375901566168 0.459902359258832 50.794707481143554 0.07263904179075198 0.9972898276316301 -0.011686287271284157 -5.340506671047279 -0.45796477363446164 0.043760889752871 0.8878925895838787 179.00385546300157
0.8861687319638587 -0.059416726518793164 0.45953740990190634 51.27236748575156 0.07265175686995734 0.9972949959791074 -0.011154067362740215 -5.362478891674408 -0.4576316211903087 0.04327058590792228 0.8880883715497617 179.92375143726426
0.8863921972753219 -0.05859595986327782 0.4592117007406527 51.76537635127597 0.07231807848313934 0.9973053480585818 -0.01233443384389049 -5.3896192070133475 -0.45725153704927884 0.044142453731571704 0.8882412260442658 180.87675473191473
0.8856173407931534 -0.05815924791076182 0.4607596201588335 52.20109475248811 0.07222847913817279 0.9973041084945758 -0.01294457342739563 -5.415445853673695 -0.4587646155577437 0.044743905308826666 0.8874305665514697 181.71176642657753
0.884903948124347 -0.05842878380355759 0.4620942326162206 52.63499962805139 0.07258610003451699 0.9972786953377853 -0.012902011747588555 -5.440227206458289 -0.46008288457159074 0.04495865932824229 0.8867369724307672 182.54898275338522
0.8843163432859037 -0.05891468922368542 0.46315619869663627 53.096836241723906 0.07318077672103548 0.9972355832484843 -0.01287499209913183 -5.465927818181057 -0.46111731578411513 0.04527969629672137 0.8861831470905556 183.43116928285542
0.8831734323541746 -0.058868945165785704 0.46533765770546365 53.55196129224058 0.07289573369440999 0.9972650899500106 -0.012188206436622067 -5.48422916374512 -0.4633474942123818 0.04468543008695088 0.8850493274078245 184.31855288376977
0.8812563372786527 -0.0588885335838404 0.46895565741181955 54.021097337299146 0.07329236814253202 0.9972321086109216 -0.012504012454633224 -5.5097653856201445 -0.46692129612844446 0.04539011090260707 0.883133195533932 185.21179361922984
0.8802848849074031 -0.058790927064094466 0.4707888574493858 54.474971924254774 0.07316799332698884 0.997244065012639 -0.012276789057430494 -5.533059187672981 -0.46876963015542666 0.04525374782273015 0.8821604911533576 186.0843005209107
0.8792358102463221 -0.059333494920781785 0.4726774019994738 54.92490748144617 0.07372445919183312 0.9972069257984033 -0.011960403695545348 -5.55689703702913 -0.47064752639035334 0.04536390106873796 0.8811543692126022 186.93164503857298
0.8786780410482964 -0.0600224223474448 0.4736266557058069 55.3494431470662 0.0742461654372371 0.9971751136307235 -0.011371001425181396 -5.578220022476836 -0.47160619917192403 0.045156412292054575 0.8806523101267112 187.7277122788378
0.8780255692720252 -0.06108555825150238 0.47469954105479395 55.79324691851515 0.07512826270089673 0.9971170154315822 -0.010649022506805925 -5.597702967318655 -0.472680488118639 0.04501346587308867 0.8800834869726901 188.55209754893866
0.8782706862395168 -0.06258948165009715 0.4740497426211026 56.23713064622416 0.07621235862910176 0.9970458063017752 -0.009557014608281629 -5.616309100549654 -0.4720511392683538 0.044522094771089586 0.880446196534822 189.3757944368999
0.878441815255481 -0.06340874371313547 0.47362359361772777 56.668158247280296 0.0767166449368174 0.9970140292842657 -0.00880805313235416 -5.636900868752317 -0.47165085985322563 0.04407217524772276 0.8806833197969848 190.17912093006703
0.8777293285635155 -0.06390661581299018 0.47487595247050035 57.11732765204214 0.0776061781594551 0.9969409170237161 -0.00927841987548942 -5.656168907622158 -0.47283031511411905 0.044997249018510405 0.8800038299290753 191.00634367786347
0.8772304928716474 -0.06452087985472531 0.4757139039789908 57.54719597160459 0.07879705244360827 0.9968394808358185 -0.010103166492054241 -5.6758886817064536 -0.4735585358774138 0.04634765916137535 0.8795420442411456 191.80261330394055
0.877155755593427 -0.06505556201504295 0.4757788922180402 57.98282898060899 0.07923961979586266 0.9968075287066978 -0.009789451886825017 -5.696116902974796 -0.4736231234683606 0.04628741259288784 0.8795104390236209 192.60969435411795
0.8775087383135003 -0.06678375336780899 0.47488771774973365 58.39468505169528 0.08054811243422998 0.9967130112715658 -0.008670337089278958 -5.709448275312417 -0.4727477295204345 0.04585960584290647 0.8800036822566141 193.36045864012524
0.8777830705746695 -0.067550001557751 0.4742719455144343 58.85769794562783 0.08142359393380971 0.996641190799502 -0.008748437154381495 -5.728183265754869 -0.4720879995968982 0.04629615633386787 0.8803349286182512 194.22013632680014
0.87739238715924 -0.06753948407728567 0.47499580739789493 59.27662423344075 0.08164625500108814 0.9966197853080226 -0.009104536060620342 -5.743707015801093 -0.4727753039228058 0.04676987944346148 0.8799409584611542 194.9976250995693
0.8766728812670629 -0.06752434426274816 0.4763245974992112 59.693498599744686 0.08210456440209858 0.9965751690293327 -0.00983732577935878 -5.758910432714634 -0.4740290072930573 0.047732540326631025 0.8792144817043888 195.76429386590755
0.8770732276338051 -0.06792272199320219 0.4755302905231657 60.191241584684995 0.08295055733473088 0.996496652591511 -0.01065956902322416 -5.768807688206141 -0.47314031576887394 0.04879472523682779 0.8796347630597507 196.69160342783698
0.8770987848393077 -0.06758468079838037 0.4755313160610811 60.62974415967058 0.08261255495876603 0.9965238124393185 -0.010745092115976148 -5.784780805403876 -0.47315207639467005 0.048709364220619666 0.8796331681107907 197.50597890557455
0.8770623559421211 -0.06721811692392786 0.47565044785687943 61.06129459433993 0.08188920128390333 0.9965896417107737 -0.010160942272554744 -5.798790489884389 -0.473345310003525 0.04786241523348968 0.8795756969730775 198.3114276942629
0.8769769410438881 -0.0661185866480045 0.4759619495053865 61.454843681503505 0.08060464987676491 0.9966953799346028 -0.010060319838472333 -5.818205501377544 -0.473723901967741 0.047187414812410906 0.879408330974736 199.0380214451353
0.8766728278196085 -0.06616834557005018 0.47651495570158764 61.88906501320126 0.08074705812548034 0.9966828737516238 -0.010156858484546366 -5.836427013854191 -0.4742622329121769 0.047381422675107795 0.879107692617025 199.8427337248669
0.8770435627129156 -0.0665280642656308 0.4757820990420897 62.291876183175006 0.08143181496502243 0.9966209092870296 -0.01075279886293194 -5.8513850071614915 -0.47345902527603284 0.048174472876746796 0.8794974539745454 200.58880510158343
0.8770387939632057 -0.06743092525622765 0.4756637722200918 62.71513069420632 0.0826637145976332 0.9965151288492105 -0.011149361576020332 -5.867604513690645 -0.4732543334957213 0.04909855694132802 0.8795565175324386 201.3725227017467
0.8754414187698433 -0.06599066219592727 0.4787980313296823 63.1600910826802 0.08203686532498666 0.996549043761558 -0.012647375441742015 -5.884073328234157 -0.4763111115960728 0.050351125914495566 0.8778339758116264 202.19064692165247
0.8747220556105811 -0.06477494001905887 0.48027651678373695 63.5679211106596 0.08140137994856199 0.9965852236073698 -0.013845845221890323 -5.899727606982192 -0.47773961607853055 0.05120643741724291 0.8770078448886094 202.94300024181064
0.874190826395716 -0.06379291319156914 0.48137393289635083 64.01549377752114 0.08130434074501922 0.9965674858462796 -0.01558365586225117 -5.924482502584613 -0.4787274832528267 0.05276087926246291 0.8763767947623085 203.77204414230744
0.8743012446801746 -0.06370353886070375 0.48118519583140973 64.51107175542698 0.08062585654261814 0.9966382135874949 -0.0145513736082106 -5.951949771278721 -0.47864057998404047 0.051518252626999834 0.8764981830208164 204.6856863811275
0.8745021133529283 -0.06442284069353987 0.48072419466699273 65.05249108090713 0.0799768973455359 0.9967254969746926 -0.011915518097147674 -5.9692409814316765 -0.47838243031306626 0.0488669753260484 0.8767908924539752 205.6824737674073
0.874367859763371 -0.06464455030426422 0.48093859060047706 65.58465329413295 0.07884672198410254 0.9968428280475161 -0.009357916572707 -5.987974167444611 -0.4788152464627412 0.04610269283002412 0.876704340966004 206.65512790006014
0.8735148043489529 -0.06562185379722558 0.4823542877257519 66.12997445125491 0.07918627876292283 0.9968294135629704 -0.0077880364261395905 -6.003901808850682 -0.48031387637552464 0.04499880620538452 0.8759416005654702 207.64993101555766
0.8727938207752882 -0.06536614753168174 0.4836922711531908 66.66126654176833 0.07928308418715571 0.9968171549612862 -0.008351774461093881 -6.021156477271953 -0.48160683028611423 0.045637992196666775 0.8751982830707616 208.6072996904517
0.8725383286200338 -0.06470925946338076 0.4842412382569772 67.17009638067861 0.07866471872967867 0.9968646170466664 -0.00853213382299719 -6.035755297555895 -0.4821708484719192 0.045537314590277045 0.8748929225132445 209.52520069371585
0.871816315423108 -0.0639415557540296 0.4856416267267684 67.67899971614041 0.07800385685817653 0.996914451751925 -0.008773494366434442 -6.057731441458798 -0.483582165177043 0.0455307954674973 0.874113972080741 210.44137372369363
0.8709635633615614 -0.06267682834607011 0.4873336500643063 68.20224483363508 0.07706641293984921 0.9969806072948976 -0.009509819896881707 -6.0770363634359645 -0.48526615304707515 0.04583976293965478 0.8731640606670197 211.38941137041525
0.8705982956993528 -0.06271841817843431 0.4879805401310264 68.67983095228098 0.07741634550124672 0.9969488704456629 -0.009982943771119957 -6.100029858723065 -0.4858655338410052 0.04646880392586825 0.8727974182403864 212.2492191215533
0.8696100037498231 -0.06230973408732358 0.48979172963229034 69.07190690060962 0.076550532549308 0.9970244045051727 -0.009074843663248686 -6.116000235773686 -0.4877688564726546 0.04538539257362547 0.8717922394678027 212.97420892186423
0.8682379186042388 -0.062076656088229244 0.49224933262186743 69.46049942702727 0.07558889789342044 0.9971102460535126 -0.00758127498188982 -6.130819946540471 -0.4903562329705094 0.043790934952301304 0.8704212306710842 213.69113190918335
0.8673976189246043 -0.061608199995061945 0.4937872015122367 69.87070242426918 0.0747216508056203 0.9971809523763288 -0.006842742046160183 -6.153318214157962 -0.4919736228547228 0.04283197300143663 0.8695558501349946 214.41571817470435
0.866452788590163 -0.061719318579465686 0.4954294004784209 70.31575043090659 0.0752504242203938 0.9971373268625644 -0.00738410671775386 -6.171687967674492 -0.4935554060072406 0.043679252414101935 0.8686168223731122 215.1885957508278
0.8656196968452176 -0.061190256034200516 0.49694898430327195 70.79087999036092 0.07449306477253856 0.997197170756433 -0.006970361263874749 -6.2004719669432395 -0.4951296029671214 0.04305293488048799 0.8677517623513 216.01994535218753
0.8641796455233413 -0.060291300541014496 0.49955830424707776 71.25193345623889 0.07382670268242389 0.9972439609320569 -0.007355294390563145 -6.2278219882229635 -0.4977380417791914 0.04323703809934175 0.8662490405779398 216.81539775271344
0.8634623435163684 -0.058359013108911534 0.5010259543358666 71.74928579460976 0.07254920227245829 0.997325453961537 -0.008862963953062152 -6.254297794534629 -0.4991687035250128 0.04400186893027658 0.865386873572618 217.67587420409822
0.862725559845923 -0.05769493587343603 0.5023702845144108 72.24744804279987 0.07155584473309115 0.9974017562258485 -0.008336531779839035 -6.27171981844922 -0.5005840283839107 0.04313966912416716 0.8646123984045008 218.52959629431226
0.8618176524437524 -0.05858899945649519 0.5038230473876898 72.7572451252416 0.07099984134025805 0.9974614073207614 -0.005455587533362545 -6.292641874447689 -0.5022244084729354 0.04047307806879537 0.8637896581261191 219.40126211342547
0.8617839882933991 -0.05935662897667734 0.5037907781188928 73.32311162912848 0.07036929673658736 0.9975169478342533 -0.0028462010159584425 -6.312067370794742 -0.502370898438507 0.03790421322162216 0.8638210179326081 220.36441925670738
0.8612631373296559 -0.05903786315710642 0.5047180787240667 73.85911664118993 0.0703418994145558 0.9975173102313302 -0.0033515631568054294 -6.3365604500207295 -0.5032671511869449 0.038389406125705045 0.863277723582326 221.27746102588088
0.8602550733343246 -0.05809827014856347 0.5065429891019048 74.40931751401953 0.07027780212419481 0.997515220501776 -0.0049411937702383635 -6.360723142825128 -0.5049972666570985 0.0398494149646775 0.8622005478981226 222.1957070193165
0.8590185614421103 -0.057482786247165296 0.5087070280457915 74.96810262009899 0.06941505131602715 0.9975777512632932 -0.004492308454842945 -6.377913444667643 -0.5072165826830908 0.03917090080305586 0.8609279753739884 223.1304682868515
0.858566704231741 -0.05768814404906191 0.5094460642902369 75.5356394547304 0.06990204447691382 0.9975420853653758 -0.00484686525841575 -6.409847080936845 -0.5079142826920556 0.039772678575378355 0.8604889397757207 224.08445663771474
0.857162501741715 -0.05932776574105425 0.5116176910741558 76.0386585292561 0.07221958611938044 0.997374462375274 -0.005339773625093734 -6.432094771032899 -0.5099576227380286 0.041525871619948536 0.8591966160300982 224.92433445110942
0.8545737225319024 -0.05995941132384507 0.5158571718524964 76.48249790019314 0.07372869239138086 0.9972589037947107 -0.006225650200393548 -6.454010198393781 -0.5140698713951397 0.04335375180833241 0.8566519827373983 225.64795881064538
0.8522108702310436 -0.05970255229750912 0.5197809518529919 76.99704351307773 0.07394190362062351 0.9972401240786325 -0.006688035330459023 -6.481536512822143 -0.517947128140506 0.044133209454856534 0.8542733943382566 226.4777276585638
0.8507760180460411 -0.060101396438838973 0.5220804432880201 77.54350250711431 0.07564872553280108 0.99709837476525 -0.008491252307492326 -6.502234723448622 -0.5200552253780142 0.046718873986731344 0.852853978926302 227.35466563392765
0.8500756255989604 -0.06071997554365019 0.5231486550995865 78.10485936443143 0.0771056194470787 0.9969769512092771 -0.009575082617209409 -6.521573663267601 -0.520985752408077 0.04847724546034599 0.8521876568340787 228.25840892973457
0.8496602056386842 -0.06109617038752168 0.5237793360929771 78.66139993426606 0.07746789358551406 0.9969507490799333 -0.00937706629884444 -6.544880824181317 -0.5216092986301574 0.04854340195050592 0.8518023701009628 229.15003458278588
0.8491365506785331 -0.06040117429699627 0.524708315586192 79.21592586744367 0.07682533589409583 0.9969987498372327 -0.009558273261637084 -6.5742462061064595 -0.5225562037393822 0.04842717177916402 0.8512284199713656 230.03629833286442
0.8479126642433896 -0.061292289723727654 0.526580828587684 79.75582967140086 0.07842838421953367 0.9968670025096893 -0.010255138031752245 -6.60344146402391 -0.524302491281877 0.04999434495780225 0.8500632112424633 230.89779766659234
0.8475374677150873 -0.06255424384519304 0.5270362486547256 80.32992001426024 0.08055774928000801 0.9966864623571848 -0.01124921263242137 -6.636061574895561 -0.5245862082156082 0.05199098316887455 0.849768349504202 231.79966355248953
0.8468209333461509 -0.06390126825637517 0.5280255057873376 80.92948383344674 0.08163436227602038 0.9966089951885599 -0.010312206603197078 -6.668511719805788 -0.5255760056761865 0.05183761785100031 0.849165898769487 232.75630812729025
0.8464320678838249 -0.06527463169699796 0.5284808198172622 81.51953696047234 0.0828331411111711 0.9965173377594936 -0.00958468979038592 -6.696365759009124 -0.5260146625252584 0.05188851512177223 0.8488911336601926 233.68805083500416
0.8459715014759969 -0.0657403098238787 0.5291601178799286 82.08831806109907 0.0834756243784018 0.9964630240977086 -0.009657211847888975 -6.722090912009608 -0.5266536231956216 0.052341697243206385 0.8484670340706323 234.59819460862397
0.8451081100808588 -0.0659145208525802 0.5305163128654257 82.67529020453094 0.08367091592272592 0.9964483239742413 -0.009482377210795928 -6.746650807471636 -0.5280070644453575 0.05240241969308737 0.8476216881994566 235.53578876869187
0.844636797874889 -0.0658833697917821 0.5312702337422323 83.27001586217538 0.0834409569407888 0.9964713119181433 -0.009084669995685817 -6.78051003425349 -0.5287970181274216 0.052002943272514784 0.8471537094946433 236.48345623816084
0.844078689529886 -0.06635223617793508 0.5320982490439999 83.90866773237056 0.08363599060573092 0.9964608361150712 -0.008415649959560446 -6.809382831951556 -0.5296566689440451 0.051606034947778115 0.8466407917175137 237.49908357108174
0.8435104525035056 -0.0670673938993415 0.5329090740387845 84.50082716624847 0.08512633656122019 0.9963262721193789 -0.009352342399530884 -6.837080812345325 -0.5303240738840644 0.053253395762550046 0.8461208261819103 238.43482001723592
0.8436564201034739 -0.06817214868749179 0.5325377009766675 85.13928405001569 0.08678951539791958 0.9961767882196803 -0.009969284292637689 -6.867397296939788 -0.5298220690337266 0.05462933969620794 0.846347570687817 239.4385698737707
0.8445778840787683 -0.06824024309203168 0.5310663489129811 85.75501174463471 0.08723994836157747 0.9961294075896379 -0.010742194607134645 -6.895266837328312 -0.52827775756215 0.05540282084739635 0.8472621426142264 240.42024887279382
0.8446171393535122 -0.06902064172015879 0.5309030409847172 86.36399975112892 0.08784435848154462 0.9960814191430232 -0.010255492234796739 -6.924535674046852 -0.528114813836205 0.05529880156522013 0.8473705127936616 241.38561498556987
0.8432580567216856 -0.06926733048857456 0.5330270975297091 86.9463673869747 0.08856265366356081 0.9960134055656518 -0.010674844709496551 -6.949820205624154 -0.5301627166729366 0.05620794303735278 0.8460308274463014 242.30399575303005
0.8410092811147964 -0.0689884509944437 0.5366041210316539 87.50534722278114 0.0890788169331089 0.9959574207154436 -0.011566351872136336 -6.9766206218128 -0.5336369116286515 0.05752746953603693 0.8437548440134774 243.17253232688918
0.8390833312138183 -0.06967085067395161 0.5395230633119247 88.10498344436517 0.09054209540233148 0.995817655910062 -0.012219866526931954 -7.009558700604514 -0.5364152237206464 0.059103034982552954 0.8418821408110359 244.10235441678046
0.8368440786371699 -0.06883821075642439 0.5430960217031181 88.69423596790544 0.09145973107891052 0.9956999484052342 -0.014721764051190977 -7.046063810847945 -0.5397472608924236 0.061991237168326316 0.8395415301659944 245.00627562338636
0.8347063587178752 -0.06832269447156199 0.546440576948752 89.28451620944908 0.09207111494480129 0.9956213450985185 -0.016156948258559466 -7.078053794431051 -0.5429440159986677 0.06379770061964762 0.8373420142850097 245.89614892649828
0.8326425215176235 -0.06774523120488649 0.549651721556263 89.91242324512564 0.09209610246627419 0.9956083520309336 -0.016802299746216665 -7.108979730080243 -0.5460995690085184 0.06461109049719464 0.8352249204336916 246.83341544694974
0.8307252864295436 -0.06855545133834147 0.5524451543622608 90.52686876755172 0.09318072301456476 0.9955111435168578 -0.016580590828810412 -7.1418732585347415 -0.548828617461799 0.06525115497480317 0.8333843263641433 247.75312986240237
