0.9999998460802632 2.132892087993798e-05 0.0005544226968546001 -0.0026287688249931333 -2.1345189612459678e-05 0.9999999993418424 2.9337653753722043e-05 -0.01934532060417533 -0.0005544220707492069 -2.9349483495667913e-05 0.9999998458773757 0.9485239484405518
0.9999993254016161 4.103269990261496e-05 0.0011608241168530754 -0.00476660024239528 -4.108788772073645e-05 0.9999999980269069 4.7518121358223744e-05 -0.03886625022728973 -0.0011608221647658474 -4.756578511355265e-05 0.9999993251144713 1.8992137578516246
0.9999984103705128 5.680552692969359e-05 0.0017821418517116703 -0.006337534202354909 -5.696471993800005e-05 0.9999999943923943 8.927615604677766e-05 -0.05826564202545906 -0.0017821367703390347 -8.937753334224004e-05 0.9999984079988271 2.84849375870714
0.999996787764897 5.923328020278742e-05 0.002533959610178504 -0.007355562489510681 -5.9606495650374474e-05 0.9999999873881099 0.0001472102092924476 -0.0775609679640318 -0.002533950858476908 -0.00014736077687112814 0.9999967786837358 3.796950081617058
0.9999949285208676 6.495680657804392e-05 0.0031841346010648922 -0.007671360389456367 -6.544018007824334e-05 0.9999999863519036 0.0001517029173537265 -0.09701267548062385 -0.0031841247034704568 -0.00015191051833723392 0.9999949191236258 4.749095758437548
0.9999924631304746 6.363729153306696e-05 0.0038819624599750286 -0.007340449565870025 -6.423397914188416e-05 0.9999999861430919 0.00015358323880268753 -0.11650246498209227 -0.00388195263256169 -0.0001538314351615391 0.999992453361348 5.700600809790372
0.9999894055677616 6.184779917094968e-05 0.004602708668130473 -0.006427302277912974 -6.262970544260488e-05 0.9999999836336637 0.0001697356522075902 -0.1359017082897297 -0.004602698095024467 -0.00017002212024284767 0.9999893930751088 6.651991333828695
0.9999850526290059 4.686595524579528e-05 0.005467387140658479 -0.004819326979706323 -4.802673678990419e-05 0.9999999763367501 0.00021217900796349445 -0.15509726103205687 -0.005467377067310442 -0.00021243841720827825 0.9999850312169292 7.600832209530808
0.9999801757734874 3.918176751780446e-05 0.0062965486430172435 -0.0023354476872952585 -4.0839274579379714e-05 0.9999999645520578 0.000263112212322165 -0.17418025857966957 -0.00629653811061602 -0.0002633641428050043 0.9999801419264034 8.548519643862704
0.9999748214779246 3.587515254454702e-05 0.007096134381882815 0.0009693249334576238 -3.8174270500601916e-05 0.9999999468285005 0.000323860649784968 -0.19315065587890495 -0.007096122386020499 -0.0003241233852058507 0.9999747696772722 9.494943105100425
0.9999683455760836 2.5000975508592824e-05 0.007956583486677127 0.005018228863440706 -2.808106404068141e-05 0.9999999247210429 0.0003870004668947078 -0.2121073090868381 -0.00795657321232463 -0.00038721164594830753 0.9999682710015643 10.441364197346923
0.9999603097990833 9.167945899080415e-07 0.008909479540351331 0.009918522985903813 -4.560803186573779e-06 0.9999999163559574 0.0004089832226060228 -0.23104297730200352 -0.008909478420172845 -0.0004090076243624245 0.9999602261625427 11.38767887674652
0.9999537147471935 3.4499545022421006e-06 0.009621244793953557 0.015594770952416247 -7.375443695551132e-06 0.9999999167543572 0.00040796676420637776 -0.2501701814559924 -0.009621242585560078 -0.0004080188423108189 0.9999536315308494 12.339448282244577
0.9999449318954996 8.266135516662948e-06 0.010494432246423884 0.02201701417795577 -1.2985851764252339e-05 0.9999998988153824 0.0004496672013258478 -0.2689679936886699 -0.01049442746753875 -0.00044977871814691706 0.9999448308237975 13.28583846960657
0.9999256297749266 0.0012954535715740557 0.0121266944902256 0.030216425439679662 -0.0012888117278218826 0.9999990151897956 -0.0005555031669991893 -0.28348764109794344 -0.012127402176294834 0.0005398328280249154 0.9999263146337193 14.185173775815167
0.999905135272752 0.0008927932052650041 0.013744939995184466 0.04839959115790246 -0.0008711789631307309 0.9999983748005417 -0.0015784307046492897 -0.30000688491603367 -0.013746326869123523 0.0015663066646777158 0.9999042880101272 15.156032501963029
0.9998496616536945 0.002211713106625092 0.017197744506930807 0.060244724610052765 -0.0022031812848086114 0.9999974403640208 -0.0005150316812438131 -0.31995999963659083 -0.01719883958928494 0.00047706450339397074 0.9998519752074513 16.03133716650731
0.9997693082298182 0.0023378823963830834 0.021350986571350226 0.07989725815848717 -0.002365002162644211 0.9999964283313428 0.0012450258342016675 -0.3361078321290423 -0.02134799958871987 -0.001295233746403885 0.99977126648204 17.01620342016091
0.9996519463213566 0.0019517999442424862 0.026309251089685348 0.11125485175972644 -0.0020222295449181522 0.9999944423069533 0.0026506495190893598 -0.3492897355094202 -0.026303931333359943 -0.00270293029563168 0.9996503375501992 18.028205053214073
0.9995812039931287 -0.0001463027923636528 0.02893778186279852 0.14312009346358248 8.972790754119354e-05 0.99999808233669 0.001956341443886738 -0.3614192203676631 -0.028938012588092032 -0.0019529256092865306 0.9995793002603726 18.980833643894947
0.9994772712268328 -0.0014109367469036847 0.03229850706238716 0.1757261753234688 0.0014333097913385789 0.9999987486598083 -0.0006695534776943603 -0.36512296590625365 -0.03229752194836146 0.0007154972492445333 0.9994780428502077 19.933561717347885
0.9992865103831065 -0.0021109976732091402 0.03770959897925144 0.21789452114578278 0.002192035420243205 0.999995376112801 -0.0021077793370517864 -0.3839241391034705 -0.03770497509704331 0.002188936235025785 0.9992865171766755 20.95944541894913
0.9991180502661215 -0.004456066775890083 0.041752426292507624 0.26563433967223393 0.004586268279229451 0.9999849132380352 -0.0030231506065170307 -0.4022908699966806 -0.04173832502261452 0.003211972167930334 0.9991234135276277 21.91015593664872
0.9988936592581198 -0.0055403546520765255 0.0466986291474472 0.3154952529049422 0.005768894951321869 0.9999720279375593 -0.0047605875146656575 -0.41371774983612997 -0.04667094754729334 0.005024720168665261 0.9988976798662934 22.78830024975611
0.998638445638045 -0.006844970485014251 0.051714613724622535 0.36742366262982634 0.007147776444833966 0.9999583643039885 -0.005672649326850097 -0.4262897278837615 -0.051673631433472075 0.006034570204249833 0.9986457929500966 23.67172291957399
0.998421860309732 -0.0075410944709090565 0.05564998427523093 0.42500109966355176 0.007837514506753329 0.9999562287563587 -0.005110179812541178 -0.4391294225365937 -0.05560901205748092 0.005538272794012321 0.9984372615805411 24.58529910288653
0.998183044632757 -0.008273403709047833 0.05968383532200809 0.4922082904400879 0.008515217995882405 0.9999565307240674 -0.0037983844945507507 -0.45457917972092576 -0.059649815340536226 0.004299703868053772 0.9982101041747105 25.611169344592348
0.9979532691201927 -0.009131386195999496 0.06329210407671973 0.563519186329528 0.009339906930060485 0.9999518834512211 -0.0029994867715553656 -0.4675831397986001 -0.0632616692070058 0.0035844899908407143 0.9979905373502541 26.656048705322757
0.997686652823946 -0.009394880113947832 0.06732814422359998 0.6307695921378652 0.009570398582141598 0.9999515923318278 -0.002284833477486609 -0.48451294255146415 -0.06730341928853452 0.002923905040429478 0.9977282698868395 27.586774753571724
0.9974736876288088 -0.009785094761797692 0.07035974991916058 0.7015556365073772 0.009905171433939156 0.999950020581442 -0.0013579094363699693 -0.49939133856309514 -0.07034294610725698 0.002051404317960281 0.9975207575149883 28.51492682325337
0.997203016015525 -0.010146016159686778 0.07404865431340978 0.7697187368676219 0.010200520746924967 0.999947909283415 -0.000357905320139895 -0.5207268291458929 -0.07404116575278273 0.0011122390992973138 0.9972545656441766 29.400476295315784
0.9968685469901001 -0.009409661276984912 0.07851470114888115 0.8452091146929579 0.009423794925286303 0.9999555769092155 0.0001905186700839615 -0.5316311075378701 -0.07851300599933661 0.0005499843724261084 0.9969129377263286 30.325138510024786
0.9965388105416252 -0.009533272232662421 0.08258035967964694 0.9234663917308438 0.009568630191770738 0.9999542190853178 -3.239946024177286e-05 -0.5408869796394998 -0.08257627020237143 0.0008224682424494803 0.9965844084398751 31.21561045526837
0.9961862211257543 -0.010780434591272136 0.08658403472472675 1.0206628769090993 0.01083446821644309 0.9999412935461244 -0.00015414204595467563 -0.5456560407395675 -0.08657728996484174 0.001091646154552634 0.9962445388412515 32.2067378264024
0.9957484694223523 -0.010554936804386426 0.09150726174516505 1.1125135352033428 0.010549414292751743 0.999944205375924 0.0005440525636544054 -0.5570930226644548 -0.09150789857232346 0.00042360850740083414 0.9958042604120104 33.128931058344264
0.9953074455376933 -0.011635443211899929 0.09606094585467033 1.2093872765062688 0.011597923632418978 0.9999322915521178 0.0009489355863033515 -0.5722747834998048 -0.09606548300325068 0.0001696248596969952 0.9953750017971921 34.03176252858804
0.9948344146604444 -0.012378792100769595 0.10075342631065827 1.323284048841349 0.012293706847255096 0.9999233557995088 0.0014653663717067115 -0.5841858627214751 -0.10076384361051882 -0.00021916380974019786 0.9949103476133219 35.08153294159652
0.9943355772559497 -0.014115808327370078 0.105344690223771 1.4448023777627328 0.013903047307755934 0.9998995559461779 0.002753778167349616 -0.6004327584554865 -0.10537298078082277 -0.0012735673918644335 0.9944319549106736 36.17417267654299
0.9938729721266775 -0.014956867544560628 0.10951167695428168 1.5585804921894533 0.01472856185819471 0.9998873424548129 0.0028934173983661856 -0.6143900605363025 -0.10954261609836527 -0.00126273984110147 0.9939812979862453 37.20938127375042
0.9935118680168599 -0.015222461573578826 0.11270512310134928 1.658456045257331 0.014976053263675106 0.9998832535475562 0.0030326727150765827 -0.624584448143185 -0.11273812992192554 -0.0013251184075846363 0.9936238514261391 38.093438914234405
0.9929994720699828 -0.016194961139319657 0.11700329782715795 1.7749960733558217 0.016077574038149203 0.9998688516482511 0.0019470790058235348 -0.6382650260180806 -0.11701948590633333 -5.2319241337567035e-05 0.9931296175126967 39.027667454441776
0.992355756738571 -0.017229851117822114 0.12220140874095886 1.9078575977281753 0.017154179265797265 0.9998514593031175 0.001671365651958192 -0.6539210524220551 -0.12221205423989126 0.0004376755457395432 0.9925039154777089 40.06838877475107
0.9920605271618156 -0.018666502959126644 0.12436829224001084 2.0416392876709195 0.01856283094146576 0.9998257105347098 0.001992451053542391 -0.6697725507970937 -0.12438380825034424 0.0003319955408087459 0.9922341246017007 41.12194053431686
0.9914712777503312 -0.017797662505320073 0.12910440970575737 2.1515916983287258 0.0177037759749776 0.9998415179944207 0.0018748895541726492 -0.6841258503463804 -0.12911731763149806 0.0004267364048961429 0.9916292332236323 41.978638644154216
0.9905177034236167 -0.01598086259452508 0.13645252374045438 2.2792324700430258 0.01597016904067523 0.9998717804975918 0.0011731433793270363 -0.6977174985657645 -0.13645377570890677 0.001017150584284166 0.990645916813608 42.901225190674324
0.9895068677836127 -0.013791366172940151 0.14382613402350533 2.4181548451836696 0.013962721516276637 0.9999024998749154 -0.0001820762302369499 -0.7148142340665935 -0.1438095998774851 0.002188369936412495 0.9896029557454343 43.86698155125398
0.9887092271454286 -0.012317177713178655 0.14933971772663623 2.5722369451726714 0.012654998438924403 0.9999190615664499 -0.0013119948862191815 -0.7335839342110713 -0.1493114703296443 0.003187075344672511 0.9887850764340796 44.8961191132998
0.988265457535659 -0.012902935581229152 0.15220019610769625 2.712766628724618 0.013228408848932617 0.999911866750561 -0.0011260243045206986 -0.7484813640461578 -0.15217225319078392 0.0031261773455037467 0.9883490437967986 45.80543266772002
0.9875822087840603 -0.013333267233405019 0.15653627336204895 2.8689325418603904 0.013431180641420591 0.9999097041815496 0.000432284794075713 -0.7594444281173789 -0.15652790255980903 0.0016755501927034158 0.9876721157609845 46.78588921987404
0.9872881705817612 -0.01310113539717414 0.15839958484990713 3.030872773884539 0.01314300502981753 0.9999133202127807 0.0007832495383601933 -0.7725010862825553 -0.15839611626584865 0.0013085535365666909 0.9873747809416334 47.80506687194192
0.9867848044301647 -0.013543718476296332 0.16146924609830543 3.193511625164775 0.013485684800184174 0.9999080048145156 0.0014554083017349554 -0.7886142938377375 -0.16147410334536746 0.0007413485614115458 0.9868766712974427 48.77387983830697
0.9863775241325636 -0.013803332122260651 0.16391719833023774 3.364421204805683 0.013594173776882372 0.9999047201217766 0.0023977317437800147 -0.8082778623789493 -0.16393467700714173 -0.0001367498218428451 0.9864711870977533 49.80506660048306
0.9861885643758801 -0.013827245818806058 0.16504824375710714 3.5151747418035177 0.013604485160427558 0.9999043789750005 0.0024800988161698687 -0.8237248981639195 -0.16506675461085096 -0.00020044870808069284 0.9862823765750643 50.72129754933984
0.9856118238602379 -0.013937839843435919 0.16844901094216172 3.6652267212606473 0.013672072301934948 0.999902785547551 0.002737497619777636 -0.8379228030306345 -0.16847079006719382 -0.00039506296505143417 0.9857065673005275 51.612444474467274
0.9845317393714564 -0.014363779349818683 0.17461653991819526 3.850216853486805 0.014121754118256705 0.9998968281614481 0.0026285154171897186 -0.8492455921667592 -0.1746362798242006 -0.00012196501394497743 0.9846330051819812 52.6360016169082
0.9838477613405536 -0.014432422468328586 0.17842445932908166 4.024128019308764 0.014339684670568061 0.9998955442306934 0.0018094394584847466 -0.8618004091145574 -0.17843193645961516 0.0007783375237841415 0.9839519491529917 53.58674560873516
0.9832321192480081 -0.015355674715411067 0.18171076724592644 4.207496959262425 0.015471424533848576 0.9998800056990856 0.0007805293649164768 -0.8785954696216158 -0.18170094854447574 0.002043882880830943 0.9833517111597496 54.564112884491465
0.9826741537083817 -0.015042580434017771 0.18473015023920783 4.401666124040519 0.015337159674020533 0.9998823651106222 -0.00016575259201787485 -0.8907965454098332 -0.18470592618172224 0.0029961165989106676 0.982789267401043 55.60876194019384
0.9821408146720007 -0.014631586121433171 0.18757754887775985 4.5917012137694915 0.015059785170521771 0.9998862270334816 -0.0008578224560934617 -0.9009232002145245 -0.1875436563204287 0.003667380034783679 0.9822494221416708 56.60981976366878
0.9815750172486772 -0.014307659439246282 0.1905407473340756 4.791053165499816 0.01479428435293766 0.9998899182594495 -0.0011315978064607092 -0.9160318829732349 -0.19050358176092638 0.003929662133276799 0.9816786353444682 57.632688469740366
0.9810831181076205 -0.013806404015290421 0.19309401485388808 5.0077044181159325 0.014497426363649006 0.9998925605633066 -0.0021660930230314682 -0.9300064398777781 -0.19304336298629282 0.0049244835587524665 0.9811778684156215 58.7234921539559
0.9806546850916213 -0.01237691370022712 0.1953540391573928 5.211252359256726 0.012982089257771947 0.9999140769584021 -0.001817707052727908 -0.9473499312508129 -0.19531475614083624 0.004318646510589256 0.9807311024567147 59.77211498617505
0.9802503728196323 -0.01272018762382174 0.19735096506930094 5.42311096146964 0.013151700816530755 0.9999131289322857 -0.0008759877156643544 -0.9586255977521224 -0.19732267825215172 0.00345418813331046 0.9803325095250784 60.83031940726264
0.9799865998144268 -0.012051631143332044 0.1986983200003007 5.634664031923226 0.012456773020255772 0.9999221000870582 -0.0007890268748379178 -0.9725612942806044 -0.19867333235761336 0.0032483756359845068 0.9800603833772948 61.89767674862015
0.9797877469850881 -0.012799374256716557 0.19963002498752422 5.8352032410792605 0.01320499639131987 0.9999125648706861 -0.0007004884231867483 -0.9886709762296526 -0.19960360449698378 0.003322443733502633 0.9798710948076029 62.8862664456779
0.9794897698572497 -0.014346748271762398 0.20098249067771237 6.042538885365865 0.014741793824631684 0.9998912238893457 -0.0004689391198648977 -1.0088773286452448 -0.2009539008325595 0.003422163510525324 0.9795947215747368 63.88689257911319
0.9789982268667601 -0.016318601057783086 0.20321460343994707 6.24022842982146 0.016903108188472963 0.9998564813058054 -0.001140931348727487 -1.0315822414375317 -0.20316681994190602 0.004551928194803966 0.9791335573987872 64.82372369099333
0.9783195986758564 -0.017257072136270663 0.20638061030046734 6.441160378788855 0.01803716323112973 0.9998355141117294 -0.0018988058109133837 -1.0453470822977478 -0.20631389577360865 0.005580159694625869 0.9784699475346704 65.74617226620596
0.9776724344882767 -0.01809057929534662 0.2093545838583996 6.651592234263574 0.01909187990852886 0.9998139163877856 -0.0027627375692721653 -1.061752175568505 -0.20926564687813254 0.0066980249385271435 0.9778358888374886 66.7094678766775
0.9769989746351315 -0.019309188213924945 0.21236797972486138 6.867848465289592 0.02041105112964688 0.9997871804169982 -0.0029971429081433482 -1.0763378890843864 -0.21226491126345615 0.007262859240554968 0.9771851709486645 67.70233597121177
0.9762718077357482 -0.019801429932232044 0.21564150990245784 7.095816573521753 0.02091333610374744 0.9997771570274199 -0.0028755276354106795 -1.0973205105504402 -0.21553651614838884 0.0073170799373261704 0.9764683663835753 68.7302015770266
0.9755036986513762 -0.021110377657261876 0.21896777359385797 7.311295408062723 0.022030670835113307 0.9997557429535165 -0.0017618098696770862 -1.1147456763604688 -0.21887709670049588 0.006542658987734399 0.9757305007804837 69.69288803219992
0.9749108581490864 -0.02041868643867535 0.22165715848383727 7.556452440327905 0.021310467045270832 0.9997715739090929 -0.0016321757401689698 -1.132111528936425 -0.22157319932095215 0.006314843422716441 0.9751232948172376 70.77784536223112
0.9739171936590911 -0.020144120268628773 0.2260077748967966 7.796037061578739 0.02133433572293875 0.9997684065619575 -0.0028247760662106153 -1.1512442725108087 -0.22589853035037452 0.007572823724761843 0.9741214022524992 71.80297482557822
0.9729367978264966 -0.019012119089662226 0.23028792144365784 8.041470289187258 0.020916244084433062 0.9997642339268197 -0.005829862272618387 -1.1705398864442154 -0.23012278932891528 0.010488845905903146 0.9731050744616647 72.83224022008304
0.9721242393734603 -0.018749676271532893 0.2337154527674212 8.294110638488865 0.021243833426674543 0.9997410336826511 -0.008158744540792828 -1.1959718857129544 -0.23350195451838893 0.012896325478791543 0.9722708069387033 73.86451701319257
0.9713687110299353 -0.018568147766846038 0.23685027152305985 8.542123167528953 0.021101968989842554 0.9997439692665189 -0.00816717943814894 -1.2160860462389222 -0.2366379811796712 0.012931349648500354 0.9715118352647472 74.89185356859498
0.9707701158984615 -0.018614443164246822 0.2392882876034038 8.791640787929383 0.021281941530132086 0.9997367956994928 -0.00856844730484419 -1.2416016476892473 -0.23906580902168426 0.013410511928814555 0.9709107565201932 75.90423422842237
0.9699687364810828 -0.019627517768862502 0.24243640567274713 9.038247372825571 0.022384719872898435 0.9997122398603108 -0.008623328225764554 -1.2652423341086925 -0.24219738761080764 0.013791229811383346 0.970128974629038 76.89767858718608
0.969397429538539 -0.022063590612388724 0.244503213830326 9.286990824824498 0.025002524870203175 0.9996475696813991 -0.008922453708696643 -1.2911702385487653 -0.2442201821188908 0.0147626013750245 0.9696074299666111 77.84629498240368
0.9684936019038424 -0.024246923682151242 0.24785525970466965 9.545117202196137 0.027745307317104298 0.9995584930657908 -0.010630938901190514 -1.3116939888442152 -0.24748806232462375 0.01717281665870048 0.9687387436119235 78.8293553259975
0.9676197249163113 -0.025324777305041984 0.25113885324124596 9.809185447922308 0.02926780760262258 0.9994998432756371 -0.011977425854866853 -1.337231375831793 -0.2507099188125872 0.018939877149099883 0.9678769641140147 79.82434949512792
0.9665335751404056 -0.0255427769333046 0.2552653808741743 10.077295646659286 0.02948314661944087 0.9994977191176178 -0.011621253981052558 -1.3636209618287705 -0.25484032685530467 0.018758358809102146 0.9668011852408276 80.84162267646143
0.9653056316305983 -0.026089060331996518 0.2598160858631371 10.343984442562125 0.02964116385002815 0.9995129298306888 -0.009762402720862108 -1.3920827731691408 -0.259434845284637 0.01712495349663634 0.9656087701651601 81.82873798131892
0.964232308616506 -0.02781831380225515 0.26359475798520393 10.623673506481234 0.031014846648930276 0.9994871289151059 -0.00797235350305197 -1.4195655170795092 -0.26323779042421414 0.01586255181972772 0.9646005624829079 82.84229975499106
0.9628582989235206 -0.028007747079226313 0.2685506698886558 10.89434765516651 0.031150905430393432 0.9994869324445813 -0.007449359931092041 -1.4385394043965232 -0.2682042454640988 0.015538274552290683 0.9632367542504641 83.7946249301584
0.9619393293489916 -0.028223292154653627 0.27180171528443386 11.17582349200458 0.03155287873400814 0.9994709686838193 -0.00788660901908039 -1.4557679976673357 -0.27143533759480276 0.016162565952717093 0.962320959434334 84.7809381719768
0.9613865536535299 -0.029132320469422338 0.27365526188665035 11.476242283390281 0.032621935849225826 0.9994340500185328 -0.008209078206329783 -1.475203554642474 -0.27326123719919276 0.016819261803525134 0.9617928096408027 85.8021548226613
0.959825270579019 -0.030015054949565526 0.27898843423031544 11.787220734506958 0.03356850324726174 0.9994046637247963 -0.007967039278226555 -1.500342669551338 -0.2785832111733355 0.017012189791346333 0.9602614122471308 86.86129246380956
0.9585423521891245 -0.03004505462135504 0.28336170128042326 12.1026639260889 0.033654409950626255 0.9994024873018607 -0.00787712293447498 -1.5254794880016649 -0.2829557204769174 0.017086926805292856 0.9589807595472066 87.91059257895225
0.9576436175976615 -0.027253263949241182 0.28666349833659055 12.403930765367106 0.03116016688850731 0.9994732068062097 -0.009074848537982806 -1.5520189196204315 -0.2862651667142547 0.017622953232076254 0.9579883537107526 88.92562826853508
0.9566537367816571 -0.025976972174796786 0.29006693161806235 12.699455077331422 0.030104113179676033 0.9994989753792817 -0.009774486453363627 -1.5719462175402519 -0.2896676893810445 0.018083006729843545 0.956956443416446 89.88590922217858
0.9560666652627607 -0.024363565089346215 0.2921351541144559 12.995474005674799 0.028638961753374815 0.9995360624695707 -0.010366759016698297 -1.5889019604694954 -0.2917470504444366 0.01827776022817761 0.9563208572639262 90.83795231601202
0.9555354927754909 -0.024428469355854777 0.2938625051469233 13.294603185898012 0.028761972909201204 0.9995318345318729 -0.01043363176051591 -1.6105111530098901 -0.29347005121590525 0.01842177087778844 0.9557907550280336 91.79942745477622
0.9548634030208276 -0.02461060006563253 0.29602398540640107 13.587427028917642 0.029119455469743757 0.9995172514662233 -0.010831497336324103 -1.630301949521211 -0.2956145106124283 0.01896265766739129 0.955119091385761 92.73188200028206
0.9541214375602743 -0.025214003405512553 0.29835639161944777 13.857526157484962 0.029847040735525212 0.9994941505607404 -0.010981673560558694 -1.6541868708472667 -0.2979285762514946 0.019382905538787947 0.9543913591528528 93.59553261082199
0.9536649634579804 -0.02585928596929423 0.2997572931587192 14.14325324696943 0.030416305551624247 0.9994816863628062 -0.010545472106376644 -1.6791957321185116 -0.2993292264869479 0.019174356691018298 0.9539572098454988 94.48607406009508
0.9531408363580651 -0.026069655687266644 0.30140159110228876 14.450208465834773 0.03066702366688172 0.9994741781381379 -0.010530949363873636 -1.7015450931831932 -0.300968569332512 0.0192805676118967 0.9534391328168269 95.42672086768425
0.9526260406492473 -0.026252086240811125 0.30300900093056515 14.74369535079142 0.031116510281949086 0.9994526050230199 -0.011236240499757542 -1.7192914175956424 -0.3025481605708549 0.020132517992045854 0.952921451251094 96.33851806985392
0.9522719743759018 -0.02736528174725474 0.30402175608517 15.017644918286042 0.03228791692538799 0.9994161296189944 -0.011175431893426263 -1.7450744515583894 -0.30353842794420066 0.020458279797645047 0.9525995389191008 97.17240628664953
0.9523112722389283 -0.028248229775660407 0.30381783733219336 15.315109624357124 0.033450016112672176 0.999369191904736 -0.01192957223596954 -1.7669498171173088 -0.3032891972832725 0.02152337766738149 0.9526554503203425 98.07826890680067
0.9524025820738418 -0.02797807834149824 0.3035565001633007 15.609816054456036 0.0334144149875362 0.9993605279145132 -0.01272839807134589 -1.787583719150694 -0.30300626813667725 0.022265722057434222 0.9527284183287198 98.98402244566253
0.9523524977540343 -0.028284083699418885 0.3036852492811146 15.91816833784631 0.03411181039042087 0.9993213406838114 -0.01390116706592191 -1.808217564304669 -0.3030859686846897 0.02359806481877199 0.9526709961593623 99.91015179067914
0.9520673124766655 -0.02838475021268879 0.304568774612269 16.207332286833033 0.03462074811661793 0.9992865516916877 -0.015092760117987354 -1.835649202967571 -0.3039230763092889 0.024913722393425628 0.9523707629506489 100.77272880350107
0.9516582045037681 -0.029429361913028154 0.30574593122076515 16.4889402919471 0.03662220194131776 0.9991703754110454 -0.01781502809196199 -1.8671437496263568 -0.30496799196904334 0.02815090688308392 0.9519464534920172 101.61470826524106
0.9514861972811445 -0.030992372056377695 0.30612659024949623 16.779199230850136 0.03893053049046623 0.999044577848978 -0.019858128468861563 -1.891123268798388 -0.3052186596183056 0.030812405697608073 0.9517836757771857 102.49382042047837
0.9512585662911398 -0.03272253859446497 0.30665351053861284 17.07366415588081 0.041163433577931424 0.9989296654963982 -0.02109727772311646 -1.9135778473680434 -0.30563493222110083 0.03269187757203353 0.9515873734697291 103.37383026759879
0.9509567500881323 -0.03354044423382855 0.3075000781502528 17.369977600357384 0.04259212295873526 0.9988330243399764 -0.022770607144335007 -1.9393265204882366 -0.306377496764502 0.034750943705906784 0.9512755654319448 104.27798030365197
0.9503330473656633 -0.0340774091141519 0.30936358750304654 17.692989835560503 0.04430130521659663 0.9986777023627886 -0.02608143323295022 -1.9736729710200795 -0.3080657290916903 0.03849125863680754 0.9505860979247273 105.24307431635029
0.9501583948352113 -0.03394206999988844 0.3099144407869595 18.01695856252517 0.04526226783873973 0.9985422075325459 -0.029407259071901358 -2.0105578070960295 -0.30846450660370256 0.041968984502253726 0.950309556147671 106.2155545357616
0.9498954706561138 -0.03338171005522192 0.31078007700106175 18.349028199997772 0.04557217014769445 0.9984469432907538 -0.03204494876541313 -2.053186758435037 -0.3092277027289545 0.04460227423727925 0.9499415060927887 107.223611317922
0.9494973923415932 -0.03354746596849176 0.3119763924780269 18.686093045594788 0.046396359777336756 0.9983493359466291 -0.03385234429599216 -2.1069914729146664 -0.3103257638932404 0.046617281581140646 0.9494865714279803 108.25393728088858
0.949630815932703 -0.03333843334097093 0.31159246186863065 19.058500041171627 0.04616966581575059 0.9983585067305961 -0.033891798375323134 -2.1641562218132746 -0.30995108547873584 0.046570815979766596 0.9496112276661072 109.38726426111836
0.9497520910476994 -0.03289722841155499 0.31126955828245695 19.408423850267624 0.04531585836638364 0.9984358391113769 -0.03274672744681046 -2.2136729684837397 -0.30970540604102476 0.045206720084472095 0.9497572921163422 110.46434083443552
0.9495151058136645 -0.03278996872575448 0.3120030156627102 19.738873697150517 0.04525389795840541 0.9984372339043003 -0.03278985625307205 -2.2630636766456145 -0.31044024956701716 0.04525381646326575 0.9495151096977217 111.4569018022784
0.9491507027985421 -0.03158862517752328 0.3132333030449091 20.086776956655882 0.04416625809670067 0.9984744356912264 -0.03313823949488467 -2.3066332605593165 -0.31170865407101844 0.04528752621283983 0.9490978637352184 112.49486449106061
0.9485954546933298 -0.03058155938759103 0.3150102086608855 20.4581214697085 0.042999780519442796 0.9985448279486899 -0.03254605125355257 -2.3552210935925744 -0.3135565056101236 0.044418406121138204 0.9485300854412716 113.60989211941704
0.9476435380520052 -0.02984743623755425 0.31793215524435325 20.830258438627187 0.04247527048488882 0.9985570156612609 -0.03285936504118207 -2.4035302777237355 -0.31649261632068176 0.04464321923561585 0.9475438811953619 114.7228366895484
0.9468406337542676 -0.028858135391838714 0.3204060272428089 21.218029135558435 0.042054586524676585 0.9985249271837928 -0.03434212493188859 -2.4588330002491174 -0.3189423553309471 0.04599106233068835 0.9466575918259158 115.8649128222215
0.945889554360056 -0.027475300894691752 0.32332345846424104 21.591891536670005 0.0406453082401715 0.9985932721157952 -0.03405048902922162 -2.513949527231638 -0.3219330829079134 0.045349583524149896 0.9456756872224182 116.95489011281433
0.9450272842206011 -0.027168744665723787 0.32586084666912835 21.965875417481552 0.04012081010558305 0.9986467149917252 -0.03309167920650696 -2.565624909084888 -0.32452080468762645 0.04434634088088133 0.9448384250099975 118.03874588962258
0.9441149475396704 -0.026935654874437148 0.3285139819378279 22.29123083124492 0.04002096152061471 0.9986493047689325 -0.03313440392540054 -2.6110328468278396 -0.32717776280048155 0.044430131453905626 0.9439177267897138 118.97966502655586
0.9431954113396125 -0.02762857571973944 0.33108771924007546 22.6511091798351 0.041294182601496796 0.9985577531217609 -0.03431040897006892 -2.6570247690569984 -0.3296622612783742 0.04603341703716739 0.9429759901528307 119.97886797934228
0.9423547449447852 -0.029096484328830545 0.33334806026096586 23.00264856316472 0.043406267260215285 0.9984244924943542 -0.0355588069249394 -2.705279964347708 -0.3317882316215896 0.047978405424654084 0.9421330277462555 120.95201833756886
0.9421305360082922 -0.028700441252366853 0.33401547537897813 23.368959059789425 0.043290488120335154 0.9984021990492845 -0.03631779965602013 -2.7576453139249146 -0.3324394482594219 0.048675801025469895 0.9418676550532461 121.97202015586915
0.9415605883973752 -0.02988568500659862 0.3355152816318093 23.73840000044571 0.04408182193359063 0.9984225412989116 -0.034773869517741675 -2.80695244616875 -0.3339467792205842 0.04753182994487045 0.9413927308994321 122.99919867164033
0.9395447280849536 -0.032335345167026616 0.34089606829750563 24.104845907029198 0.04579947598807163 0.9984532264308242 -0.03152082849631567 -2.852588931566126 -0.3393495423998489 0.0452280895330031 0.9395724069970385 123.98899053329495
0.9383301812586973 -0.03389287964931671 0.3440752005711761 24.440064892977006 0.046715385347928545 0.9984859493908756 -0.029042755392613088 -2.8971896536971 -0.34256991069096104 0.043325299515151044 0.9384928208095734 124.89505457153415
0.9377524308927873 -0.03471582949059848 0.3455650293901944 24.779513035575633 0.04747860809267936 0.9984645927121135 -0.02853487118972404 -2.941364802827515 -0.3440438346028721 0.04316559142432864 0.9379608582391594 125.82621096335907
0.937312483381094 -0.03380165774762507 0.34684687749996623 25.09239761946709 0.04712681381663175 0.9984367231288032 -0.030052842250097623 -2.981167540725678 -0.34528882391044324 0.04451469242092036 0.9374401688861079 126.67412941189288
0.9371198153469372 -0.03379711194417169 0.34736753865085485 25.423193958067994 0.04838457515436778 0.9982700531950665 -0.033404098267271 -3.0235194855355383 -0.3456376492386959 0.048110873180096096 0.9371339068194031 127.55796469957718
0.936728015576088 -0.03300986565205412 0.3484981687247648 25.764583304945216 0.04890565746984525 0.9981211381933417 -0.03691111159351221 -3.064946673891947 -0.34662495799108856 0.05161920438422005 0.9365824022671023 128.46145825925498
0.9362378277871171 -0.03369008125379183 0.3497480639625763 26.129242394414327 0.049652844954001914 0.9980893586435995 -0.036772641329941895 -3.117341150952545 -0.34784094757292694 0.051793924233635845 0.9361218214549049 129.4225019745339
0.9357609190443901 -0.03500491002938619 0.3508933722130263 26.478954974446154 0.05020996676613428 0.9981486625413107 -0.034325015722278175 -3.1632326644340663 -0.34904220608192776 0.04973835281576514 0.935786105171815 130.34133512661128
0.9351580531904787 -0.035652636186499165 0.3524319864682305 26.83097301019072 0.049558540904214354 0.9983050952281336 -0.0305104550112055 -3.211596851811195 -0.35074686966020896 0.045998112727574085 0.935339941972471 131.27078468226568
0.9342341723584491 -0.03605072361905398 0.3548335617219187 27.1706897333123 0.04923768122139041 0.9983888616320739 -0.028201626140193923 -3.2541862161349138 -0.3532451867268135 0.04381810465496099 0.9345040458760924 132.15811517129976
0.9337050986798283 -0.036218259947286335 0.35620643782177686 27.50200968678895 0.049070803616759945 0.9984273457465502 -0.027108882269525552 -3.2940124119874854 -0.35466441170731305 0.04279103775194535 0.9340139625061381 133.03087348301204
0.9331024042873026 -0.03723257374350224 0.3576781214523555 27.83933359922209 0.05020287245921317 0.9983728697506229 -0.02704227325407431 -3.3329474981029876 -0.35608927912827676 0.04318967930349465 0.933453307290496 133.90465165657162
0.9324889787937847 -0.038216687869278634 0.3591709748802413 28.155178745392487 0.05119938841744881 0.9983314684957476 -0.026700217916746104 -3.369974320096952 -0.3575512928990756 0.04328699318992544 0.9328897626015491 134.70925025181418
0.9319774370284677 -0.03933398736382563 0.360376045691035 28.48914723469221 0.05239108728351863 0.9982741454361832 -0.026531199123054256 -3.4075159937235595 -0.3587105111968366 0.043606971824684475 0.9324297298805874 135.55505973584548
0.9313034897636858 -0.04182054486330211 0.3618353934889624 28.834769348782082 0.05488112069910199 0.9981572172142934 -0.02588884535520792 -3.447232365901617 -0.36008592383594623 0.04396830392853247 0.9318824580948288 136.4119647496058
0.9301904615849164 -0.04364060651477989 0.3644738709968908 29.177059346583196 0.05654208987830264 0.9980922508899734 -0.024796184899660262 -3.4854843943463054 -0.36269642574559596 0.043673289049559125 0.9308834226555776 137.26637880001448
0.9285549697057996 -0.045944575754576625 0.368340554641203 29.50878471621136 0.05899444048066726 0.9979639681473718 -0.024239931351433597 -3.516822233507102 -0.3664769081770783 0.044238153649097646 0.929374876750328 138.0865808532293
0.9269329087600499 -0.04671251277527856 0.3723081033335804 29.84237661751353 0.060803964742176135 0.9978060446859925 -0.026191125591019847 -3.5471421906420497 -0.37026782270305547 0.04691522501610545 0.9277395653589567 138.90101849873713
0.9263056151204317 -0.0466692179864278 0.37387149060725305 30.20529431873406 0.06184174282319819 0.9976737407039888 -0.028682851223277395 -3.5787608855752704 -0.3716631623405043 0.04968995071684546 0.9270368938487897 139.79141407205532
0.9254676229482298 -0.04851231130129396 0.3757076450203734 30.65460212446921 0.06319722989128512 0.9976397059869043 -0.026853811134147202 -3.623321797677151 -0.37351812406979296 0.048596015171685956 0.9263490909483394 140.90091811481582
0.9251844105162024 -0.049664545707216116 0.3762542218201384 31.081398874488546 0.06316168051412917 0.9977239109263685 -0.023613548662157955 -3.66570386351816 -0.3742250775301059 0.0456117360498903 0.9262155045571736 141.95028297946112
0.9248570736431158 -0.050257460668863725 0.3769795498159082 31.500385470446247 0.0629194692530228 0.9977904108568932 -0.02134095571775082 -3.7037855725886217 -0.3750740376528423 0.04345668704752692 0.9259756922455609 142.97209668172334
0.9240558772456793 -0.05122133499756247 0.37881012469148795 31.854546260534867 0.06366186537560675 0.9977633994487886 -0.02038052053536611 -3.738082376662476 -0.3769189602880332 0.042948498943057786 0.9252499790942579 143.8233056556136
0.9228523643321421 -0.05254470901615694 0.3815528367093838 32.21441106452203 0.06531686711070518 0.9976521062071412 -0.02059081958773713 -3.7699594734619417 -0.37957505254878565 0.043924122471139374 0.9241176607703835 144.67005893408927
0.922207755844075 -0.05384651139209875 0.3829274190651927 32.56498790543495 0.06685643591882381 0.9975470707023147 -0.020737856915784888 -3.799144885206294 -0.3808714639314187 0.04472577494161436 0.9235456312595538 145.50381012400342
0.9211543134521495 -0.05364422396374769 0.38548285051843795 32.95522534001639 0.06672357991458289 0.9975583654777399 -0.02062210825202201 -3.836284839001304 -0.3834353852891984 0.044716939751095655 0.9224845259447001 146.43681913252829
0.9197737525931746 -0.05293656882128199 0.388862396899074 33.358420902452295 0.06620080724701842 0.997589906458364 -0.020780559478306607 -3.8723827923942955 -0.38682515063075595 0.044856417755077115 0.921061455401143 147.38723630906702
0.9187277165687746 -0.05297834735464692 0.3913217059145698 33.74152514380271 0.0663146898215911 0.9975853749130873 -0.020634477782989418 -3.905806377741261 -0.38928363017494766 0.04490784420433579 0.920022576248393 148.2842359341094
0.9178535574456322 -0.05364368004793152 0.3932775135642845 34.13321987328884 0.0676428561986727 0.9974711403044147 -0.021812112806692263 -3.9412613495913402 -0.39111288791048177 0.04662273963122861 0.9191610463132117 149.17221140126293
0.9164010044824995 -0.055093048872232465 0.39645170569619337 34.48897781766158 0.06963061716342915 0.9973222533700681 -0.022358445524795642 -3.9679362484529777 -0.3941583135453315 0.048094478880710334 0.9177832777754722 149.97425021326097
0.9150336512753936 -0.05650430773341702 0.39940040090262996 34.86815915818776 0.07115016838886958 0.9972245973263223 -0.021926149356074263 -4.002490154674016 -0.39705298207147405 0.04848057028250265 0.9165143554430715 150.82826299021147
0.9135083603201087 -0.057796307633221335 0.40269350932095327 35.23663266488363 0.07215569377217264 0.997181343976184 -0.020565093778107613 -4.035493416553783 -0.40036986834865046 0.04784301463967288 0.915103827152235 151.6572960315421
0.9122344365837752 -0.05736294991765451 0.405632622809629 35.655585370715386 0.07189248557676126 0.9971983832445 -0.02066046882683008 -4.066505644214707 -0.40331105021840136 0.04800912862460536 0.9138026703508976 152.59101782701686
0.9108958870333806 -0.05672813930640575 0.40871824182007815 36.0910553823016 0.07143153230487838 0.9972288929657317 -0.020786323073421445 -4.102740029115212 -0.40640647039416167 0.04812954648829094 0.9124238749488014 153.55703304645695
0.9100954810351981 -0.05516965621386957 0.41070978127206437 36.4878834166264 0.06977156550291497 0.9973495321679453 -0.020635874869926026 -4.136587330087434 -0.4084827340862483 0.04743648087303948 0.911532575520919 154.45160457427963
0.909995623747586 -0.05379977722389309 0.41111257427971376 36.92905580231828 0.0682325554715104 0.9974587824139839 -0.02050111604362269 -4.1745331584408225 -0.4089648923001357 0.04670718741121436 0.911354023149109 155.4354790033931
0.9092283522361991 -0.05454800176742037 0.4127085157747774 37.36636175989596 0.0683122971973622 0.9974894985786147 -0.018658249569485162 -4.208162374511645 -0.4106546402288158 0.04515767629716387 0.9106720324738085 156.39454362545416
0.9088423658516565 -0.05352346437736297 0.41369166391673984 37.777718568591375 0.06716632304605621 0.9975704055511647 -0.018492458380415223 -4.240363527479959 -0.4116967805091864 0.044592877564962385 0.9102292217836351 157.29461152407163
0.9085691595069275 -0.05317785794193688 0.4143358514750734 38.17870115137322 0.06709175689832263 0.997564190343192 -0.019088800413387213 -4.275527237893308 -0.4123115066902257 0.04514201556901211 0.9099238538917407 158.17761595728186
0.9083899194105429 -0.053685664202657184 0.41466324140489935 38.5728831798994 0.0674222941686712 0.9975520928971231 -0.0185487521304304 -4.306294914497427 -0.41265238223271195 0.04480704649586393 0.9097858759191525 159.04173695889713
0.9077307784999141 -0.05246637762532213 0.41625967013729276 38.983229426159184 0.06569017757753488 0.9976866226032969 -0.017498675614224336 -4.3306959704360235 -0.41437861230252143 0.043228258087702455 0.9090773802977025 159.93961857639292
0.9074086930918724 -0.0519071751251893 0.4170313044266747 39.418702407846006 0.06497270413080816 0.9977390434910643 -0.017185715331622387 -4.361264139609729 -0.4151963528491334 0.04269011904471603 0.9087296310326409 160.89125881096587
0.9065899843561144 -0.05150871481464981 0.4188573176671431 39.8888131853233 0.06448009794295499 0.9977765209142518 -0.01686212565222817 -4.392034344480422 -0.41705745076001055 0.042294995098565456 0.9078954874627186 161.91721873929498
0.9052747165152641 -0.0527490956719168 0.4215391091512076 40.349435479178446 0.06579341289213646 0.9976976952711676 -0.016447968585765974 -4.423100354358995 -0.4197009821982841 0.042624426757300334 0.9066610412857723 162.91372992992558
0.9050881129856072 -0.05388868089976706 0.42179558769980807 40.82141324918743 0.0663162075622269 0.9976883499772549 -0.014836338302268215 -4.455119780526988 -0.4200210332194185 0.04140007718034827 0.9065695589764455 163.92675758017256
0.9045955300984162 -0.05480598698319162 0.4227330489999035 41.275869120991246 0.06623209332599034 0.9977274879660213 -0.01237616946650168 -4.480258625220738 -0.42109409487621013 0.039193922332480244 0.9061697411150822 164.908276342309
0.9037882264743659 -0.054549712912200725 0.42448930552784003 41.741806638427164 0.06605477613297583 0.9977386685979909 -0.012422388430739562 -4.503736941997357 -0.42285175680885456 0.03926675445587791 0.9053477308516111 165.89901970731032
0.9027396064023127 -0.05356267345335826 0.4268398330113037 42.20985359014913 0.06552682870095683 0.9977611052827466 -0.013379518128104775 -4.531341102671332 -0.4251675408036048 0.040047681549294896 0.904228259594631 166.9010732581712
0.9008830732791259 -0.05284447139089801 0.43083308847228163 42.64880378046884 0.06548516117006496 0.9977474445468075 -0.014550964464223015 -4.557137554758047 -0.42909367502409046 0.041321891821709075 0.9023143129257063 167.82561157801902
0.8998884977839503 -0.053061350735542516 0.4328801042023716 43.10685760484827 0.06566536044846623 0.9977405545246005 -0.0142072620201372 -4.580329472998979 -0.4311481786965013 0.04121017975034287 0.9013395415112044 168.77413057795872
0.8983962388096876 -0.053535685150549045 0.4359106886829682 43.564877616668255 0.0663651137435961 0.9976937030932891 -0.014245928744483183 -4.607186249309091 -0.434142683654117 0.041727751238889284 0.8998771721774815 169.70209493674778
0.8979116038396554 -0.05348928528897473 0.4369137764472116 43.96822735317144 0.06632528551048887 0.9976975288462504 -0.01416324242646438 -4.632528608351619 -0.43515021336550247 0.04169577068904398 0.8993918803917448 170.52951016524787
0.8973894944318004 -0.05444453995395133 0.4378674312536064 44.40666351002072 0.06704761464768368 0.9976603036091408 -0.013361735387520363 -4.654528027433628 -0.43611548086887 0.041348647761601603 0.8989402520049904 171.413469832189
0.896911718718013 -0.05520558228173295 0.4387501709529311 44.874507923012274 0.06712177684413431 0.9976764121849829 -0.011680909338738563 -4.678773534055812 -0.43708584500024544 0.03992643553622598 0.8985331623517229 172.35962891861283
0.8961692133402688 -0.05629388045470473 0.4401269590520746 45.359804643097405 0.0682993970775567 0.9975989110429551 -0.01147192419543537 -4.708537824104745 -0.43842437594175615 0.04034119122255796 0.8978622694326903 173.33079319639873
0.8949902099408462 -0.05575880714841056 0.4425872564087418 45.871802364636004 0.06779979316784623 0.9976336131641751 -0.011417614960374063 -4.734267282424643 -0.44090329116080457 0.040225978053646416 0.8966527524818023 174.35125982265933
0.894713090026131 -0.054565785187356365 0.4432956819356246 46.34965293806778 0.0665288557866425 0.9977186158893632 -0.01146624853761234 -4.761548753359525 -0.44165868935593716 0.03975095715443151 0.8963021050525856 175.3129800206358
0.8944550580782 -0.053536222682490725 0.4439414622888984 46.84771192563618 0.06555223491459237 0.9977799607947112 -0.011749652514007669 -4.7825256006108265 -0.44232686282433453 0.03961089114610518 0.8959787518276244 176.32177990862775
0.893684960602618 -0.05462115645760308 0.44535796889684376 47.3321178268304 0.06598400761771411 0.9977702100937532 -0.010035865093071986 -4.8029120132696885 -0.44381674363569745 0.0383554053126145 0.8952963537018929 177.28632450192376
0.8938278630307904 -0.055413488528387435 0.4449731413904843 47.793127216433525 0.06669115321209852 0.9977263697724291 -0.009714995829335576 -4.825623741797767 -0.44342309519582196 0.03835930590922988 0.8954912184366263 178.21411837602648
0.8939350052061545 -0.054837832984579706 0.4448292015376447 48.248709204151126 0.06654713734019804 0.9977255212075563 -0.010736053414936953 -4.8475333125816995 -0.4432287050484084 0.039199443933031757 0.8955510697980581 179.13154361544267
0.89378352026118 -0.05418208364375898 0.4452137921510805 48.71123342553639 0.06558940807915137 0.9977941259354788 -0.0102426459704016 -4.868817737859638 -0.4436767386931079 0.03835601726807846 0.8953657171692323 180.05171395222393
0.8939491883175198 -0.05444694440741989 0.444848714678524 49.173619162334425 0.0656026727045438 0.9977986037723763 -0.009707504515128914 -4.889300652258669 -0.4433408824374998 0.03786128041398058 0.8955531170203965 180.97941559745777
0.8941644931595253 -0.05364053267753055 0.4445138382849649 49.65077942508611 0.06526947161999083 0.9978083011732514 -0.01088531966418136 -4.914887608434394 -0.4429557034819728 0.03874644969303609 0.8957058431142284 181.94049468324698
0.8934140438356207 -0.05321375152594816 0.44607134286547667 50.07259924345127 0.06517736518261835 0.9978073368686817 -0.011507804259472518 -4.939374203893296 -0.44448088524156776 0.03935498875056851 0.8949234199166483 182.78265293353812
0.8927243987145377 -0.053486911243294674 0.4474173647338803 50.492575617257096 0.06553300537005675 0.9977844103089112 -0.01147587694513955 -4.962795363270716 -0.44581226222136083 0.039565399911334016 0.894251645781501 183.6269810860328
0.8921572180458273 -0.05397825057118534 0.44848840202840884 50.93973721969453 0.06612627572992848 0.9977454812222738 -0.011457327725801497 -4.987088685683606 -0.4468588299975865 0.03987860536429624 0.8937152135257523 184.51673553965574
0.8910494120317924 -0.053922605379924785 0.4506920211705866 51.38014515506967 0.0658375460142022 0.9977720370242948 -0.010787940823442957 -5.00392171520761 -0.44910618215809106 0.03928504500981518 0.8926143189451725 185.4115432875014
0.8891934365451237 -0.053953928361720756 0.4543390870477711 51.83442484216326 0.066228730870379 0.9977423603312955 -0.011132726881923991 -5.028041513830799 -0.45271269875315384 0.039989448794237076 0.8907592583705001 186.31246944435034
0.8882517181761437 -0.05385403350894442 0.45618924607221645 52.27379795285344 0.06610143363840389 0.9977531506233686 -0.01092020567951793 -5.049927278955929 -0.4545761604264665 0.03985465463346507 0.8898157791790235 187.19240428186177
0.8872367446152547 -0.05439853631958419 0.4580957959322511 52.7096419548994 0.06665526099121062 0.9977195564385226 -0.010618986877497774 -5.0724490167343665 -0.4564734769805476 0.03995605018514407 0.8888393999294166 188.0471181272553
0.8866977385169026 -0.05508414010823736 0.45905648673941796 53.120944640995454 0.06717573873912633 0.9976906708446316 -0.010037202520381979 -5.092545822242354 -0.4574434835407049 0.039737423395567475 0.8883503793819307 188.85013398695747
0.8860679880694958 -0.05614510337995512 0.46014263862950233 53.55105885084229 0.06805660557241747 0.997637892433999 -0.009323841365151603 -5.110782417509618 -0.45853224418401395 0.03957730342375876 0.8877960453264419 189.68177191257908
0.8863089164342418 -0.05764115153204014 0.459493201581058 53.98126927283354 0.06914215016466424 0.9975728978846307 -0.008226571379393852 -5.128145792670837 -0.4579037756120368 0.039061631508599634 0.8881431873431903 190.51271897537478
0.8864763260477181 -0.0584530966062258 0.4590674883435698 54.39894809261193 0.06964727720814123 0.9975436800773458 -0.007474163179338467 -5.1475149302514485 -0.457502983743739 0.03859846933341112 0.8883699556100979 191.32309636180165
0.8857883357109594 -0.05896647178004727 0.4603281215874308 54.83438184271499 0.07053543995107 0.9974775564619458 -0.007954625422247393 -5.165553875828101 -0.45869791369626894 0.03951556099199595 0.8877132106768335 192.15765848152765
0.8853082815651017 -0.05960335384520605 0.46116882678975696 55.251022177990755 0.07172578209075448 0.9973856906040296 -0.00878614601439402 -5.18407652046046 -0.4594395050229231 0.04085614260695451 0.8872689089760589 192.9609571194721
0.8852371303415172 -0.06013714973478382 0.46123610687638406 55.67324624086715 0.07216846460918919 0.9973564668042427 -0.008472947521599081 -5.203090948458775 -0.4595072750029758 0.04078726940514343 0.8872369823636787 193.77516250712404
0.8855831512430116 -0.06185860645257044 0.4603433447354639 56.07265920990603 0.07347890990945585 0.9972697112102611 -0.007346625151356547 -5.21533052167054 -0.45863202246791207 0.040331574607774506 0.8877105564634481 194.5326383383782
0.8858516064817031 -0.06263230289211576 0.4597217918787478 56.52140544707627 0.07435581924659139 0.997204171277447 -0.0074197662377194235 -5.232767023116348 -0.45797177144224277 0.040755802302058025 0.88803199330923 195.39987558839937
0.8854735129796915 -0.06262967320393874 0.4604499775716816 56.9274370792228 0.0745775518734468 0.9971848543997046 -0.007781703695006942 -5.247117469247595 -0.45866637828377915 0.04122972459526466 0.8876515438176369 196.18419783824987
0.8847772697573171 -0.06263056772506613 0.46178630870480936 57.331596264101336 0.07503420488649927 0.9971445174363369 -0.00852522396767219 -5.261185115568337 -0.4599337463350886 0.04219269288732383 0.8869502385416447 196.95766654029998
0.8851677997099371 -0.06304674153411785 0.46098055787482833 57.814009098685275 0.0758819569858463 0.9970730528724886 -0.009341083423586182 -5.2696724807086675 -0.4590423672828655 0.043248533124932244 0.8873610704904051 197.89305676904465
0.8851916241378223 -0.0627071976964876 0.4609811231637229 58.239006929266466 0.07554376667747476 0.997097928090776 -0.009426617275243158 -5.284414958016704 -0.4590522060424221 0.04316861306699902 0.8873598723029179 198.71458374416258
0.8851542553136873 -0.06232643288992406 0.4611045001550937 58.65721114075875 0.07481976045376626 0.9971578598776907 -0.008843411659403114 -5.297195498203383 -0.45924279825132075 0.042327511707569425 0.8873017716689939 199.527062479518
0.8850677553009221 -0.06121540339563675 0.4614192702019348 59.038681457493134 0.07353400589199034 0.997254365611662 -0.008745298505554467 -5.3155253655678 -0.45961703461039677 0.0416701890514549 0.8871390966699386 200.2600977575902
0.8847733209560512 -0.061268405798203245 0.46197657189010827 59.459544289627566 0.07367567716891446 0.9972430183054255 -0.008846300626770111 -5.332535950960848 -0.46016091220147426 0.04186340755390076 0.8868480083925746 201.07190263444267
0.8851347283081465 -0.061641421060448016 0.4612340489951947 59.84998138936309 0.07436197610239388 0.9971866685224872 -0.009436346282480608 -5.346372614095562 -0.45935477493218835 0.04265071313195644 0.8872283287949767 201.82454497797548
0.885133609189705 -0.06255989368713133 0.46111251727170777 60.26023454471188 0.07559479818007217 0.997090145831373 -0.009831966948592395 -5.361414856720037 -0.4591556602840823 0.043560312072101606 0.8872872020046625 202.61516929443005
0.8835830122864226 -0.06114018466202225 0.4642660209603271 60.69162495527608 0.07496307505736305 0.9971216544017568 -0.011355337997617527 -5.376672268148876 -0.4622354354404112 0.044836192329298 0.8856230112641702 203.44055268015418
0.8828835581290323 -0.05993845864308515 0.465751010692301 61.0869732354629 0.07432516869023004 0.9971548874264093 -0.012565817951341578 -5.391204891719791 -0.4636727208760279 0.04571117650103288 0.8848265910664673 204.19956153828647
0.8823680486864028 -0.05898215837249529 0.46684872458973364 61.52074944335062 0.07422663582998053 0.9971386844144626 -0.0143126020538081 -5.414713336514536 -0.46466873489691973 0.047281593013657044 0.8842213624265023 205.0359426956679
0.8824731684921449 -0.05887202822994092 0.4666638953074433 62.001121716295614 0.0735479435054472 0.9972032767401648 -0.01327873731910248 -5.44082005312992 -0.4645770193386068 0.046040299203667374 0.884335051861954 205.9577100428462
0.8826660861399481 -0.059547270078915214 0.46621315189999013 62.52602351129291 0.07289904397273517 0.9972825779521527 -0.010639036655723681 -5.456631387793112 -0.4643127284129061 0.04337720990623224 0.8846084489165282 206.96331785541688
0.8825325212377609 -0.05972297155706499 0.4664434752744474 63.04205694253032 0.07176768975255046 0.9973886214754073 -0.008083097114378915 -5.473942091637747 -0.4647426682211276 0.0406091666963608 0.8845140744583585 207.9446503437143
0.8817060878739876 -0.06068211109712202 0.4678803864223562 63.57090025743517 0.07210523260009193 0.9973756886199265 -0.006524659501140684 -5.48842078294025 -0.46625659248703905 0.03948945609546581 0.8837677142890272 208.94833217006556
0.8810069552147873 -0.06043698952199453 0.4692271466578599 64.08632263765456 0.07220022143724047 0.9973648923669127 -0.007099260408096726 -5.504317403719788 -0.4675616246951553 0.04013280168947652 0.8830489710887907 209.91436056307975
0.8807572303114589 -0.0597782803238915 0.4697800107024512 64.57994813722111 0.07158074952390488 0.9974082105532583 -0.007284079800186362 -5.517611071988884 -0.46812701006422847 0.04004271122760962 0.8827534671276348 210.8405464660572
0.8800547005241586 -0.059010301967575125 0.4711915834849114 65.07363350110545 0.07091756009459073 0.9974537061761747 -0.007536823311976133 -5.538290116167556 -0.46954704104653255 0.04004857422058154 0.8819986893115753 211.76503860513782
0.879224348245522 -0.05775045287206915 0.4728947352691681 65.58115140200216 0.06997729366016217 0.9975141628851927 -0.008286930399400965 -5.556234070240082 -0.4712406220013577 0.040377964739644875 0.8810799601280518 212.72161432476364
0.8788709491647922 -0.05780252711475025 0.4735448474783715 66.04444232738601 0.07032655034067961 0.9974855112920805 -0.008765333966720454 -5.578010159000583 -0.47184746585241594 0.04100637293783549 0.8807260904203577 213.58923975712548
0.8779090796338371 -0.057375717542435145 0.4753774026317913 66.42448560064037 0.06945767953650836 0.9975538395117691 -0.007871977434101219 -5.592894484175666 -0.4737628928587196 0.03992949175496714 0.879746757333222 214.3206318408084
0.8765741417918534 -0.05711605278031811 0.4778655987374065 66.80118473653705 0.0684920429395502 0.9976311441863264 -0.006398453206822749 -5.606645186187037 -0.47636814964461294 0.03833870973662263 0.8784096591795256 215.04389598644977
0.8757555475536384 -0.05663154742428913 0.4794216190007976 67.19932183081269 0.06762220347380345 0.9976948734117135 -0.005672491985377437 -5.628160787345217 -0.4779952494809592 0.03738726259446038 0.8775663701790994 215.77521114439622
0.8748397917762883 -0.05675678456194218 0.4810758839632245 67.63153064912683 0.0681490961817982 0.9976557127815036 -0.0062273143509412295 -5.645524653653725 -0.4795946615783103 0.038232789077056635 0.8766568396042814 216.55536430708221
0.8740283211985562 -0.056217195806569385 0.48261177009939105 68.09279890382035 0.06738929681258601 0.9977097474073957 -0.005826028095320321 -5.6732062922148945 -0.4811789442794939 0.037614981375884156 0.8758150128641067 217.39452108662985
0.8726274513834628 -0.05532112710461732 0.48524313904254734 68.54058970550004 0.06671921105328925 0.9977523259817751 -0.006232405183819897 -5.699537695866033 -0.4838076869670616 0.037813607257486476 0.8743570512884021 218.19754842033484
0.8719264432877504 -0.05340120303108107 0.48671612774839795 69.02361311713429 0.06543928501212908 0.9978264396635775 -0.00775217939688674 -5.724903899343734 -0.485244245172124 0.038609685612983606 0.8735257950994887 219.06618239372347
0.8712073205604398 -0.052722660127503075 0.48807594256525993 69.50760849810875 0.06444367328911785 0.9978951054481606 -0.007236815294108137 -5.7412517142124235 -0.48666705001971733 0.03775817304472494 0.8727711629020647 219.9280360819461
0.8703232751507354 -0.0535725435290201 0.48955835128278363 70.00292295827327 0.06388534462522613 0.9979476864163846 -0.004367827640015884 -5.761083435782185 -0.4883196283921052 0.035077026042810974 0.8719595992768132 220.80803743778318
0.8702884321710157 -0.05429763703728971 0.48954040838471224 70.55280733114604 0.06325434140125952 0.9979958903104834 -0.001758185789334195 -5.779318619092317 -0.4884638503750287 0.032495684875743884 0.871978839961871 221.78043066448956
0.8697821937656548 -0.0539868696345798 0.49047360103807097 71.07362730565528 0.0632258055981109 0.9979966628963387 -0.0022712010551387348 -5.8026808156511755 -0.4893684020394709 0.03298603878646019 0.8714530901491516 222.70224806401322
0.8688022743377638 -0.053071360036399 0.49230685435955984 71.60855758360384 0.06315952558998049 0.9979959176375497 -0.003875913572953785 -5.825768712068935 -0.49111453087112783 0.03446126989336455 0.8704130849456259 223.62950050397734
0.8675974188870204 -0.05244449213148383 0.4944939777041169 72.15183975213209 0.06229367763029974 0.9980519175039815 -0.0034449519458000745 -5.841857719352401 -0.4933499938865538 0.03379267985359113 0.8691742278280243 224.57337579115315
0.8671598340304669 -0.05265988518075242 0.49523808288235605 72.70347337022213 0.06278003165474041 0.9980201324393979 -0.0038056367491871848 -5.872651646980862 -0.49405717267303445 0.03439115785179297 0.868748961663801 225.5366845032417
0.8658025102687246 -0.05432894865674446 0.49742776214262163 73.19252432374891 0.06509613204076549 0.997869661209062 -0.004316576401928532 -5.893915005382939 -0.4961335574275301 0.03611792596973536 0.8674946620112083 226.38479706943085
0.8632901019826408 -0.05499111586269184 0.5017032758463571 73.62431180930491 0.0666010887383682 0.9977659349303051 -0.005237754433770229 -5.915040903460162 -0.5002944081215133 0.03793568595426311 0.8650239239081865 227.11570003878566
0.860992367258453 -0.05474717788377367 0.5056628224780191 74.12502324513996 0.06680998130730326 0.9977492470237984 -0.005732927799296265 -5.941693251449688 -0.504210838757353 0.03871933079479287 0.8627121440564068 227.9539177533869
0.8596019875992534 -0.0551891479759699 0.5079749805463734 74.65690895935455 0.06851525635187686 0.99762145879118 -0.00755543555233411 -5.961482979393241 -0.5063497630713772 0.04129870343043924 0.8613386874699854 228.83979134166245
0.85892523535068 -0.05583714473994156 0.5090477908262236 75.2032586729944 0.06997182538390724 0.9975114793245976 -0.008648252314076501 -5.979875585365737 -0.5072981211577797 0.04304720528599685 0.8606948090855691 229.75270489891605
0.8585221577678739 -0.05621451626979366 0.509685817717284 75.7449688758696 0.07033359524138379 0.997487688870798 -0.008455526690070096 -6.0022642023093535 -0.5079300050223515 0.04310729302262436 0.8603190520302617 230.65344112042214
0.8580104485421912 -0.0555174468092713 0.510623034431661 76.28471818534014 0.06968970123535366 0.9975312613688254 -0.008644543576066876 -6.03072387882726 -0.5088825166324209 0.043002275424576186 0.8597612392834161 231.5488100391724
0.8568244826802072 -0.05643486375879448 0.5125104018771832 76.81025443200508 0.07129166133329355 0.9974116212547375 -0.009357179613910617 -6.059043619577663 -0.5106557596895641 0.04455517858245343 0.8586300315953042 232.41917733425598
0.8564660992307952 -0.05773038010438844 0.5129649345534045 77.369290977023 0.07342179063451904 0.9972472171628686 -0.01035512051726336 -6.090797018558438 -0.5109550484420308 0.04653161370411552 0.8583471019335279 233.33048174691424
0.8557720168906834 -0.05907512851039733 0.5139692445062475 77.95290028659085 0.0744979105940588 0.9971766162045774 -0.009426420948641046 -6.12227513311459 -0.5119612450410322 0.046356502092601864 0.8577568176877224 234.29697433859178
0.8553972152976691 -0.06044964060471987 0.5144331297765952 78.52743461769329 0.07569685234779948 0.9970928989554726 -0.008702723550627683 -6.149216752956608 -0.512411544176768 0.04638525415822802 0.8574863366789292 235.23839213377923
0.8549508438231638 -0.06092298528087789 0.5151188644483095 79.08106624251168 0.07633900753507193 0.9970432540034353 -0.008780978008885526 -6.174008060490704 -0.5130608254141136 0.046830967432866896 0.8570737715708509 236.15785547054566
0.854110876122853 -0.0610982489332598 0.516489704898299 79.65244287473065 0.07653300495153775 0.9970298071242105 -0.008617590088836223 -6.197611811442181 -0.5144291111919425 0.04688888656324369 0.8562500346716025 237.1050586703495
0.853651275083556 -0.06106042428688276 0.5172534438107833 80.23135387794741 0.07630211653924765 0.9970508090876052 -0.008226245156504846 -6.230512507558247 -0.515225666635351 0.046489877216978226 0.8557927341106034 238.06250228870948
0.8531084496021635 -0.061522774185111234 0.5180935450996766 80.85309894391095 0.07649638091155879 0.997041165837582 -0.007564213948654523 -6.258365393739101 -0.51609522079246 0.04608537600796082 0.8552905127460377 239.08859488628931
0.8525597103995595 -0.06226559023142414 0.5189074450001099 81.42967469318003 0.07798685203955719 0.9969180851187132 -0.008507788913145027 -6.285144678088135 -0.5167784739251157 0.047721356187380104 0.8547880913134316 240.03403972613685
0.8527068838789795 -0.06339358090751475 0.5185289038087592 82.05141127061516 0.07965144371757604 0.9967810410881597 -0.009121602978802452 -6.31449395225929 -0.5162815294963577 0.04907962944969602 0.8550114456976444 241.04825977353602
0.8536054582098834 -0.0634746121069688 0.5170383886445528 82.65079774162632 0.0801036932048619 0.9967375495144727 -0.009882091014465941 -6.341368825936965 -0.5147243146085376 0.049852091287594755 0.8559051635228161 242.04002817485713
0.8536454732028147 -0.06425346120640234 0.5168760961810197 83.2437049578716 0.08070860582274698 0.9966934703453215 -0.009393993673660105 -6.369679073136725 -0.5145634334331225 0.04973548928069039 0.8560086764043462 243.0153816243208
0.8523242448729096 -0.06451540072590933 0.5190194068346488 83.81078857071883 0.08142522747122997 0.9966309634662558 -0.009831327050496932 -6.394068683376229 -0.5166365394869739 0.05064075166790792 0.8547059145328455 243.94330184061687
0.8501356857479578 -0.06425850906363256 0.522628127668957 84.35529625093993 0.08193825083434732 0.9965793955995623 -0.010753200296256956 -6.420068801312765 -0.5201494389769635 0.05196491392586823 0.8524929377142202 244.8210078730244
0.8482638827165321 -0.064967424812319 0.5255736094895943 84.93941480906288 0.08339970709076347 0.9964506049712702 -0.011431566364997708 -6.452156812279479 -0.5229654617045388 0.05352966995637253 0.8506713233079594 245.7606852132473
0.8460847977139669 -0.06418291820301442 0.5291701693106408 85.51355547745588 0.08431478328258062 0.99634131822349 -0.013964058173845233 -6.487870882016203 -0.5263378500519607 0.05643164548031749 0.8484008115219233 246.67431079599135
0.8440032715850422 -0.06369753504871993 0.532542112496706 86.0889796303864 0.0849236589913771 0.9962680114874897 -0.01542794316403034 -6.519139379994388 -0.5295719495000234 0.05824665926448795 0.8462628888160381 247.57388733162142
0.8419916078153697 -0.06313356434220169 0.5357838047402413 86.70125417070771 0.08494592573609266 0.9962554646884831 -0.016100893738099403 -6.549340210994166 -0.532761036553275 0.059069468693872876 0.8442016795759754 248.5214631789225
0.8401255579973055 -0.0639547061248964 0.5386082457261356 87.30034572301619 0.08602890829731606 0.9961657065349862 -0.015903209135777176 -6.581512591898855 -0.5355259785826277 0.05969657182889508 0.8424062236088896 249.45127721414383
