1.000000 -0.000470 -0.000551 0.000469 1.000000 -0.000866 0.000551 0.000866 0.999999 0.001397 0.003819 0.693782
0.999998 -0.000849 -0.002005 0.000848 1.000000 -0.000498 0.002005 0.000497 0.999998 0.001173 0.006723 1.398291
0.999976 -0.000492 -0.006959 0.000489 1.000000 -0.000490 0.006959 0.000487 0.999976 -0.005404 0.009967 2.024592
0.999987 -0.000622 -0.004998 0.000618 0.999999 -0.000868 0.004998 0.000864 0.999987 -0.006845 0.012807 2.627457
0.999979 -0.000351 -0.006497 0.000345 1.000000 -0.000837 0.006497 0.000835 0.999979 -0.011654 0.016084 3.353204
0.999989 -0.000082 -0.004640 0.000077 0.999999 -0.001161 0.004641 0.001160 0.999989 -0.015571 0.008931 4.169401
0.999988 0.000164 -0.004967 -0.000171 0.999999 -0.001503 0.004967 0.001503 0.999987 -0.020096 0.001904 4.958140
0.999989 -0.000400 -0.004672 0.000391 0.999998 -0.001851 0.004673 0.001849 0.999987 -0.021546 0.004151 5.669550
0.999967 -0.000215 -0.008153 0.000205 0.999999 -0.001223 0.008153 0.001222 0.999966 -0.027176 0.006596 6.285312
0.999977 -0.000211 -0.006819 0.000200 0.999999 -0.001719 0.006819 0.001718 0.999975 -0.032443 -0.000777 7.093169
0.999986 0.000226 -0.005333 -0.000233 0.999999 -0.001379 0.005333 0.001380 0.999985 -0.036802 -0.008831 7.845364
1.000000 -0.000069 0.000260 0.000069 1.000000 -0.000795 -0.000260 0.000795 1.000000 -0.032016 -0.006351 8.455751
0.999994 0.000017 0.003377 -0.000015 1.000000 -0.000607 -0.003377 0.000607 0.999994 -0.027201 -0.003652 9.154593
0.999999 -0.000033 0.001231 0.000033 1.000000 -0.000614 -0.001231 0.000614 0.999999 -0.025663 -0.000042 9.883791
1.000000 0.000209 -0.000285 -0.000210 1.000000 -0.000446 0.000285 0.000446 1.000000 -0.025742 0.003290 10.596700
0.999992 -0.000049 -0.004117 0.000044 0.999999 -0.001061 0.004117 0.001060 0.999991 -0.028978 0.006396 11.269237
0.999981 -0.000258 -0.006120 0.000250 0.999999 -0.001205 0.006120 0.001203 0.999981 -0.034237 -0.000438 12.061596
0.999978 0.000173 -0.006585 -0.000180 0.999999 -0.001031 0.006584 0.001032 0.999978 -0.040050 -0.008084 12.787522
0.999937 0.000620 0.011181 -0.000617 1.000000 -0.000299 -0.011181 0.000292 0.999937 -0.023024 -0.006441 13.259106
0.999925 0.000780 0.012218 -0.000780 1.000000 -0.000044 -0.012218 0.000034 0.999925 -0.012498 -0.003087 14.016859
0.999940 0.000588 0.010896 -0.000589 1.000000 0.000131 -0.010896 -0.000138 0.999941 -0.004061 -0.009354 14.810641
0.999957 0.000627 0.009275 -0.000625 1.000000 -0.000292 -0.009275 0.000286 0.999957 0.002400 -0.015713 15.583586
0.999980 0.000900 0.006183 -0.000897 0.999999 -0.000481 -0.006183 0.000475 0.999981 0.006088 -0.011680 16.277931
0.999988 0.000996 0.004759 -0.000992 0.999999 -0.000808 -0.004759 0.000803 0.999988 0.009548 -0.008523 17.003398
0.999993 0.001481 0.003398 -0.001475 0.999998 -0.001545 -0.003400 0.001540 0.999993 0.011419 -0.005646 17.711112
0.999970 0.000960 0.007704 -0.000944 0.999997 -0.002160 -0.007706 0.002152 0.999968 0.019771 -0.003343 18.334812
0.999906 0.001231 0.013650 -0.001202 0.999997 -0.002142 -0.013652 0.002126 0.999905 0.031400 -0.001875 18.921741
0.999888 0.001283 0.014920 -0.001242 0.999995 -0.002763 -0.014923 0.002744 0.999885 0.041913 0.000257 19.545426
0.999921 0.001989 0.012420 -0.001951 0.999993 -0.003101 -0.012426 0.003077 0.999918 0.048582 0.001932 20.204123
0.999546 0.001624 0.030082 -0.001534 0.999994 -0.003030 -0.030087 0.002982 0.999543 0.075263 0.001879 20.668638
0.998971 0.001309 0.045346 -0.001174 0.999995 -0.003000 -0.045349 0.002944 0.998967 0.106998 0.002531 21.109023
0.998391 0.002118 0.056672 -0.001940 0.999993 -0.003191 -0.056679 0.003076 0.998388 0.138544 0.003566 21.541931
0.997662 0.002142 0.068314 -0.001939 0.999994 -0.003035 -0.068320 0.002895 0.997659 0.182962 0.004437 22.079370
0.997398 0.001866 0.072065 -0.001628 0.999993 -0.003360 -0.072071 0.003234 0.997394 0.230085 0.006335 22.683095
0.997466 0.002161 0.071114 -0.001905 0.999991 -0.003672 -0.071121 0.003527 0.997461 0.283658 -0.002318 23.447127
0.997397 0.002140 0.072067 -0.001884 0.999992 -0.003618 -0.072074 0.003473 0.997393 0.347563 -0.021662 24.345121
0.996917 0.002629 0.078418 -0.002344 0.999990 -0.003727 -0.078427 0.003532 0.996914 0.400035 -0.030760 24.988740
0.997173 0.003056 0.075072 -0.002828 0.999991 -0.003138 -0.075081 0.002917 0.997173 0.442349 -0.030213 25.571768
0.996591 0.003671 0.082421 -0.003442 0.999990 -0.002921 -0.082430 0.002628 0.996593 0.495474 -0.027968 26.165416
0.996644 0.004017 0.081764 -0.003774 0.999988 -0.003124 -0.081776 0.002804 0.996647 0.558529 -0.036167 26.944372
0.996705 0.004170 0.081006 -0.003891 0.999986 -0.003608 -0.081020 0.003281 0.996707 0.613733 -0.045502 27.634757
0.997013 0.004409 0.077108 -0.004159 0.999986 -0.003404 -0.077121 0.003073 0.997017 0.658154 -0.044938 28.229233
0.996949 0.004826 0.077909 -0.004601 0.999985 -0.003062 -0.077922 0.002694 0.996956 0.717188 -0.054652 28.995903
0.997096 0.004936 0.075994 -0.004688 0.999983 -0.003439 -0.076009 0.003073 0.997102 0.767389 -0.064343 29.672484
0.997317 0.005347 0.073013 -0.005103 0.999981 -0.003524 -0.073030 0.003142 0.997325 0.804073 -0.064428 30.196399
0.997307 0.004938 0.073167 -0.004674 0.999982 -0.003776 -0.073185 0.003423 0.997313 0.843051 -0.063604 30.704065
0.997422 0.005236 0.071561 -0.004997 0.999981 -0.003525 -0.071578 0.003159 0.997430 0.898079 -0.072583 31.483253
0.996811 0.005253 0.079620 -0.005022 0.999983 -0.003100 -0.079635 0.002690 0.996820 0.953223 -0.081816 32.127249
0.996658 0.004818 0.081544 -0.004579 0.999985 -0.003122 -0.081558 0.002738 0.996665 0.995166 -0.081249 32.603167
0.996397 0.005317 0.084642 -0.005021 0.999981 -0.003709 -0.084660 0.003271 0.996405 1.039719 -0.081677 33.113051
0.995963 0.005401 0.089598 -0.005010 0.999977 -0.004589 -0.089621 0.004121 0.995967 1.076509 -0.082308 33.477234
0.995900 0.005275 0.090305 -0.004837 0.999975 -0.005066 -0.090330 0.004608 0.995901 1.121414 -0.082713 33.960742
0.995320 0.005446 0.096482 -0.004950 0.999973 -0.005382 -0.096508 0.004879 0.995320 1.164797 -0.083083 34.360056
0.994363 0.005914 0.105868 -0.005297 0.999967 -0.006113 -0.105901 0.005518 0.994361 1.224176 -0.083364 34.862972
0.994214 0.006149 0.107244 -0.005536 0.999967 -0.006013 -0.107277 0.005385 0.994215 1.267216 -0.085589 35.252034
0.994390 0.006811 0.105553 -0.006230 0.999964 -0.005841 -0.105589 0.005150 0.994397 1.308566 -0.087755 35.657835
0.993545 0.007405 0.113200 -0.006735 0.999957 -0.006301 -0.113241 0.005498 0.993552 1.363437 -0.088194 36.096294
0.992518 0.007785 0.121851 -0.007000 0.999952 -0.006871 -0.121898 0.005967 0.992525 1.417951 -0.090478 36.489360
0.991270 0.008207 0.131595 -0.007290 0.999946 -0.007449 -0.131649 0.006425 0.991276 1.477811 -0.091683 36.887700
0.991613 0.008430 0.128967 -0.007507 0.999943 -0.007641 -0.129024 0.006608 0.991619 1.565285 -0.104389 37.572787
0.991489 0.008406 0.129915 -0.007483 0.999943 -0.007593 -0.129972 0.006556 0.991496 1.681176 -0.127305 38.465477
0.991707 0.008448 0.128238 -0.007510 0.999941 -0.007796 -0.128296 0.006768 0.991713 1.763451 -0.140600 39.111813
0.991002 0.008781 0.133557 -0.007869 0.999942 -0.007359 -0.133614 0.006242 0.991014 1.818739 -0.142548 39.491280
0.991158 0.008589 0.132408 -0.007658 0.999942 -0.007534 -0.132465 0.006453 0.991167 1.912571 -0.154497 40.196307
0.991449 0.008755 0.130200 -0.007810 0.999939 -0.007765 -0.130260 0.006682 0.991457 1.995967 -0.167982 40.844334
0.990659 0.008931 0.136068 -0.007927 0.999937 -0.007918 -0.136130 0.006765 0.990668 2.046221 -0.170630 41.174968
0.990741 0.009207 0.135452 -0.008135 0.999931 -0.008471 -0.135521 0.007291 0.990748 2.099745 -0.173010 41.569046
0.987474 0.009291 0.157510 -0.008072 0.999932 -0.008379 -0.157577 0.007003 0.987482 2.180883 -0.176293 41.974487
0.987155 0.009641 0.159473 -0.008375 0.999928 -0.008608 -0.159545 0.007162 0.987165 2.233885 -0.179042 42.292303
0.985862 0.010071 0.167259 -0.008815 0.999927 -0.008248 -0.167330 0.006657 0.985878 2.300106 -0.181572 42.647398
0.982775 0.010348 0.184517 -0.008877 0.999922 -0.008798 -0.184594 0.007009 0.982790 2.368888 -0.183386 42.935187
0.983049 0.010755 0.183028 -0.009259 0.999916 -0.009025 -0.183110 0.007178 0.983066 2.493365 -0.196848 43.612534
0.982874 0.010728 0.183968 -0.009233 0.999917 -0.008979 -0.184049 0.007126 0.982891 2.657893 -0.221010 44.497519
0.982698 0.010701 0.184908 -0.009208 0.999918 -0.008932 -0.184988 0.007075 0.982715 2.823267 -0.245130 45.382347
0.982990 0.010683 0.183349 -0.009175 0.999917 -0.009068 -0.183430 0.007232 0.983006 2.943085 -0.258904 46.030694
0.979930 0.010543 0.199062 -0.008890 0.999918 -0.009196 -0.199142 0.007242 0.979944 3.028472 -0.262038 46.385939
0.978114 0.010512 0.207806 -0.008782 0.999919 -0.009247 -0.207886 0.007220 0.978126 3.122594 -0.265922 46.795721
0.973502 0.010812 0.228424 -0.008930 0.999917 -0.009271 -0.228506 0.006985 0.973518 3.227466 -0.269139 47.175857
0.971437 0.011259 0.237031 -0.009298 0.999913 -0.009389 -0.237116 0.006917 0.971457 3.331622 -0.272895 47.577177
0.969141 0.011461 0.246240 -0.009312 0.999908 -0.009887 -0.246331 0.007289 0.969158 3.440938 -0.276922 47.979079
0.967849 0.011684 0.251262 -0.009396 0.999903 -0.010305 -0.251358 0.007613 0.967864 3.589126 -0.290493 48.541886
0.967608 0.011654 0.252188 -0.009369 0.999903 -0.010259 -0.252283 0.007563 0.967624 3.815073 -0.315807 49.413183
0.967367 0.011624 0.253113 -0.009343 0.999904 -0.010212 -0.253207 0.007514 0.967383 4.041854 -0.341079 50.284265
0.967286 0.011753 0.253417 -0.009381 0.999900 -0.010563 -0.253516 0.007840 0.967299 4.198294 -0.355866 50.883018
0.964984 0.011700 0.262047 -0.009255 0.999901 -0.010562 -0.262145 0.007767 0.964997 4.315784 -0.360232 51.289094
0.959462 0.011564 0.281599 -0.008949 0.999904 -0.010569 -0.281695 0.007621 0.959474 4.433879 -0.363807 51.634358
0.959281 0.011394 0.282225 -0.008814 0.999907 -0.010408 -0.282317 0.007497 0.959292 4.619169 -0.378311 52.263490
0.955868 0.011443 0.293575 -0.008747 0.999907 -0.010493 -0.293668 0.007462 0.955878 4.817375 -0.393243 52.891937
0.951266 0.011628 0.308152 -0.008923 0.999908 -0.010184 -0.308242 0.006938 0.951283 4.935222 -0.396001 53.216668
0.949055 0.011858 0.314888 -0.009254 0.999910 -0.009762 -0.314975 0.006351 0.949079 5.054888 -0.398764 53.559246
0.945692 0.011805 0.324849 -0.008931 0.999907 -0.010338 -0.324941 0.006876 0.945709 5.158377 -0.400784 53.831055
0.945623 0.011925 0.325045 -0.009097 0.999906 -0.010220 -0.325136 0.006708 0.945643 5.283899 -0.404695 54.195395
0.943644 0.012197 0.330737 -0.009118 0.999899 -0.010860 -0.330836 0.007233 0.943660 5.405561 -0.406279 54.527258
0.936105 0.012242 0.351508 -0.008913 0.999899 -0.011086 -0.351608 0.007245 0.936119 5.565995 -0.410567 54.908646
0.927825 0.012315 0.372813 -0.008793 0.999899 -0.011146 -0.372913 0.007063 0.927840 5.746525 -0.415696 55.315866
0.924995 0.012195 0.379784 -0.008558 0.999900 -0.011263 -0.379883 0.007168 0.925007 5.981176 -0.429679 55.877426
0.924632 0.012158 0.380668 -0.008530 0.999901 -0.011216 -0.380767 0.007124 0.924644 6.322831 -0.455856 56.710155
0.924268 0.012121 0.381553 -0.008502 0.999901 -0.011169 -0.381650 0.007079 0.924280 6.665283 -0.481989 57.542558
0.925021 0.012139 0.379721 -0.008477 0.999900 -0.011316 -0.379821 0.007248 0.925032 6.917649 -0.497226 58.160428
0.925903 0.012733 0.377547 -0.008943 0.999891 -0.011789 -0.377656 0.007539 0.925915 7.108876 -0.501281 58.633299
0.919281 0.012668 0.393398 -0.008706 0.999892 -0.011854 -0.393506 0.007472 0.919292 7.272984 -0.504700 58.982291
0.919291 0.012997 0.393364 -0.008875 0.999885 -0.012295 -0.393479 0.007812 0.919300 7.471799 -0.508327 59.445712
0.915524 0.013257 0.402045 -0.008778 0.999877 -0.012980 -0.402167 0.008355 0.915528 7.625520 -0.511658 59.776895
0.916602 0.013222 0.399582 -0.008632 0.999875 -0.013284 -0.399707 0.008727 0.916601 7.808953 -0.516406 60.199425
0.915298 0.013288 0.402559 -0.008406 0.999868 -0.013891 -0.402691 0.009330 0.915289 7.988736 -0.520341 60.600520
0.914877 0.013984 0.403491 -0.009150 0.999861 -0.013906 -0.403629 0.009030 0.914878 8.177262 -0.525258 61.028068
0.910035 0.013998 0.414296 -0.008993 0.999861 -0.014029 -0.414435 0.009041 0.910034 8.464930 -0.542463 61.648437
0.909975 0.013897 0.414431 -0.008794 0.999860 -0.014221 -0.414571 0.009296 0.909970 8.739323 -0.559173 62.250907
0.907295 0.013994 0.420263 -0.008551 0.999853 -0.014833 -0.420409 0.009864 0.907281 8.916539 -0.563051 62.620716
0.897722 0.013855 0.440345 -0.008152 0.999857 -0.014840 -0.440487 0.009733 0.897706 9.125438 -0.569465 63.010936
0.891632 0.013563 0.452559 -0.007916 0.999865 -0.014369 -0.452693 0.009229 0.891619 9.374414 -0.575816 63.481519
0.893130 0.013445 0.449598 -0.008128 0.999872 -0.013753 -0.449725 0.008628 0.893125 9.641838 -0.581197 64.014012
0.893166 0.013372 0.449528 -0.008236 0.999877 -0.013379 -0.449652 0.008247 0.893166 9.867168 -0.586142 64.459987
0.894480 0.013841 0.446894 -0.008537 0.999867 -0.013879 -0.447027 0.008599 0.894479 10.118150 -0.590755 64.964486
0.894864 0.013783 0.446126 -0.008396 0.999866 -0.014050 -0.446260 0.008827 0.894860 10.379610 -0.596561 65.487230
0.889056 0.013944 0.457587 -0.008370 0.999864 -0.014206 -0.457723 0.008800 0.889051 10.580698 -0.600542 65.857630
0.891083 0.013650 0.453634 -0.008289 0.999870 -0.013803 -0.453764 0.008539 0.891081 10.837351 -0.605513 66.363737
0.890249 0.013627 0.455270 -0.008004 0.999866 -0.014276 -0.455403 0.009066 0.890239 11.084224 -0.610470 66.841264
0.889355 0.014169 0.456997 -0.008108 0.999851 -0.015220 -0.457145 0.009831 0.889338 11.326993 -0.614535 67.310158
0.880938 0.013658 0.473035 -0.007417 0.999859 -0.015057 -0.473174 0.009756 0.880915 11.591273 -0.621442 67.776621
0.880417 0.013810 0.473999 -0.007747 0.999861 -0.014741 -0.474137 0.009306 0.880402 11.983064 -0.640138 68.504754
0.876984 0.014189 0.480310 -0.007862 0.999854 -0.015183 -0.480455 0.009540 0.876967 12.285122 -0.656193 69.050463
0.876154 0.014194 0.481823 -0.007964 0.999856 -0.014973 -0.481966 0.009281 0.876141 12.538865 -0.661000 69.507949
0.867512 0.014612 0.497201 -0.008435 0.999857 -0.014666 -0.497344 0.008529 0.867511 12.766756 -0.665605 69.882434
0.867964 0.014140 0.496426 -0.007974 0.999863 -0.014538 -0.496563 0.008661 0.867957 13.037957 -0.671022 70.353953
0.869999 0.014231 0.492849 -0.008367 0.999866 -0.014102 -0.492983 0.008145 0.870001 13.366253 -0.676993 70.935659
0.860215 0.014586 0.509723 -0.008193 0.999857 -0.014786 -0.509866 0.008543 0.860212 13.599718 -0.681085 71.302785
0.859944 0.014247 0.510190 -0.007920 0.999862 -0.014572 -0.510327 0.008490 0.859938 13.980073 -0.698685 71.942775
0.854168 0.014065 0.519807 -0.007618 0.999865 -0.014536 -0.519942 0.008457 0.854160 14.339455 -0.716607 72.524150
0.855728 0.013926 0.517238 -0.007888 0.999873 -0.013869 -0.517365 0.007788 0.855729 14.636284 -0.722451 73.016673
0.853158 0.013834 0.521469 -0.007613 0.999872 -0.014070 -0.521597 0.008034 0.853154 14.903284 -0.727492 73.445657
0.849323 0.013903 0.527690 -0.007254 0.999866 -0.014667 -0.527823 0.008629 0.849311 15.212183 -0.732561 73.933372
0.844660 0.014084 0.535118 -0.007304 0.999864 -0.014787 -0.535253 0.008581 0.844648 15.503639 -0.738494 74.382746
0.844884 0.014228 0.534761 -0.007380 0.999861 -0.014943 -0.534899 0.008678 0.844871 15.847585 -0.744012 74.924428
0.845029 0.014868 0.534513 -0.007941 0.999852 -0.015258 -0.534661 0.008649 0.845022 16.160824 -0.750086 75.420274
0.832939 0.015048 0.553161 -0.007906 0.999852 -0.015295 -0.553309 0.008367 0.832934 16.426753 -0.756270 75.793830
0.832349 0.015766 0.554027 -0.008656 0.999843 -0.015448 -0.554184 0.008062 0.832355 16.741579 -0.761144 76.265870
0.830569 0.015993 0.556686 -0.008507 0.999835 -0.016032 -0.556850 0.008580 0.830569 17.150373 -0.779035 76.873921
0.826056 0.015644 0.563371 -0.008064 0.999840 -0.015940 -0.563531 0.008625 0.826050 17.542515 -0.797087 77.441964
0.826508 0.015218 0.562719 -0.008160 0.999853 -0.015055 -0.562866 0.007852 0.826511 17.918094 -0.804117 77.991954
0.829044 0.015399 0.558972 -0.008019 0.999845 -0.015651 -0.559126 0.008493 0.829039 18.262800 -0.810527 78.504824
0.829787 0.015343 0.557869 -0.007728 0.999842 -0.016003 -0.558027 0.008968 0.829774 18.563796 -0.817089 78.951545
0.828117 0.015248 0.560348 -0.007360 0.999840 -0.016331 -0.560508 0.009400 0.828096 18.848510 -0.822660 79.366762
0.819365 0.015330 0.573067 -0.007520 0.999844 -0.015994 -0.573223 0.008795 0.819352 19.162268 -0.829953 79.799476
0.820318 0.015556 0.571697 -0.007942 0.999843 -0.015809 -0.571853 0.008428 0.820313 19.586664 -0.836516 80.407071
0.820899 0.015391 0.570866 -0.007668 0.999844 -0.015929 -0.571022 0.008699 0.820889 20.048628 -0.855444 81.071097
0.820353 0.015345 0.571651 -0.007636 0.999845 -0.015881 -0.571806 0.008663 0.820343 20.562277 -0.885820 81.810078
0.820446 0.015584 0.571511 -0.008084 0.999845 -0.015659 -0.571667 0.008227 0.820445 20.978402 -0.904069 82.409387
0.817056 0.015628 0.576346 -0.008374 0.999849 -0.015240 -0.576497 0.007625 0.817064 21.290587 -0.909910 82.845509
0.816824 0.015939 0.576667 -0.008437 0.999841 -0.015684 -0.576826 0.007946 0.816829 21.742866 -0.927813 83.486202
0.813068 0.015691 0.581957 -0.008067 0.999844 -0.015687 -0.582112 0.008060 0.813069 22.121376 -0.945064 84.009435
0.812742 0.015715 0.582412 -0.008401 0.999848 -0.015255 -0.582563 0.007506 0.812751 22.460659 -0.950668 84.481467
0.812106 0.015843 0.583295 -0.008500 0.999846 -0.015323 -0.583448 0.007486 0.812116 22.823020 -0.957020 84.983727
0.810268 0.015170 0.585862 -0.008202 0.999861 -0.014546 -0.586001 0.006981 0.810280 23.215505 -0.964133 85.521029
0.810448 0.015070 0.585617 -0.007896 0.999859 -0.014804 -0.585758 0.007374 0.810453 23.698498 -0.982313 86.188753
0.807682 0.015455 0.589416 -0.007946 0.999851 -0.015328 -0.589565 0.007697 0.807684 24.147554 -1.000107 86.802342
0.805617 0.014971 0.592247 -0.007695 0.999861 -0.014807 -0.592387 0.007372 0.805620 24.478532 -1.005559 87.246658
0.806339 0.014728 0.591271 -0.007425 0.999863 -0.014781 -0.591408 0.007528 0.806338 24.968263 -1.023514 87.914067
0.805773 0.014682 0.592042 -0.007394 0.999864 -0.014733 -0.592178 0.007494 0.805772 25.500295 -1.052857 88.639968
0.804362 0.014911 0.593952 -0.007837 0.999864 -0.014489 -0.594087 0.007000 0.804370 25.928322 -1.070081 89.219918
0.797137 0.014826 0.603617 -0.007672 0.999867 -0.014426 -0.603750 0.006868 0.797144 26.352966 -1.088212 89.772749
0.798174 0.014855 0.602244 -0.007535 0.999864 -0.014676 -0.602380 0.007176 0.798177 26.783083 -1.105437 90.343956
0.791249 0.014729 0.611316 -0.007415 0.999867 -0.014493 -0.611449 0.006935 0.791254 27.224333 -1.123453 90.908328
0.790665 0.014682 0.612073 -0.007384 0.999868 -0.014445 -0.612204 0.006901 0.790669 27.774414 -1.152537 91.620660
0.791954 0.014883 0.610399 -0.007756 0.999867 -0.014317 -0.610531 0.006605 0.791965 28.206556 -1.169754 92.183878
0.786213 0.014695 0.617780 -0.007014 0.999865 -0.014858 -0.617915 0.007349 0.786210 28.540952 -1.174874 92.597676
0.785765 0.014806 0.618347 -0.007260 0.999865 -0.014715 -0.618482 0.007073 0.785767 28.920063 -1.181631 93.078154
0.786896 0.015637 0.616887 -0.007795 0.999851 -0.015402 -0.617036 0.007311 0.786901 29.251705 -1.188174 93.503270
0.788133 0.016255 0.615290 -0.008175 0.999839 -0.015943 -0.615450 0.007535 0.788140 29.642788 -1.194225 94.005109
0.787451 0.016940 0.616145 -0.009010 0.999832 -0.015974 -0.616312 0.007027 0.787471 30.006274 -1.200661 94.469939
0.788822 0.017223 0.614380 -0.009347 0.999828 -0.016026 -0.614550 0.006899 0.788848 30.380976 -1.207430 94.952274
0.789025 0.017679 0.614106 -0.009683 0.999820 -0.016342 -0.614284 0.006948 0.789054 30.857951 -1.226432 95.566734
0.782099 0.017536 0.622908 -0.009414 0.999822 -0.016327 -0.623084 0.006905 0.782125 31.276951 -1.245361 96.085211
0.774488 0.018051 0.632331 -0.009624 0.999813 -0.016754 -0.632516 0.006890 0.774517 31.653822 -1.252789 96.536331
0.770431 0.017620 0.637280 -0.009353 0.999823 -0.016337 -0.637455 0.006626 0.770459 32.126196 -1.271715 97.103323
0.771514 0.017964 0.635958 -0.009482 0.999815 -0.016739 -0.636141 0.006884 0.771542 32.594434 -1.290189 97.673264
0.769264 0.017699 0.638686 -0.009829 0.999826 -0.015868 -0.638856 0.005929 0.769304 32.988596 -1.297274 98.144514
0.759870 0.017486 0.649840 -0.009283 0.999828 -0.016049 -0.650009 0.006163 0.759902 33.343561 -1.304029 98.544254
0.760951 0.018011 0.648559 -0.009950 0.999821 -0.016091 -0.648733 0.005791 0.760994 33.699403 -1.310306 98.963344
0.760163 0.018322 0.649474 -0.010043 0.999814 -0.016451 -0.649655 0.005983 0.760206 34.088017 -1.317132 99.416499
0.752823 0.018001 0.657977 -0.009974 0.999823 -0.015941 -0.658147 0.005438 0.752869 34.404734 -1.323598 99.766657
0.748808 0.017973 0.662544 -0.010006 0.999825 -0.015814 -0.662712 0.005212 0.748856 34.758919 -1.328969 100.160291
0.748234 0.018164 0.663187 -0.010206 0.999822 -0.015869 -0.663357 0.005105 0.748286 35.087416 -1.333926 100.528990
0.739703 0.017952 0.672694 -0.010210 0.999828 -0.015454 -0.672856 0.004563 0.739760 35.382395 -1.339911 100.839528
0.733580 0.018190 0.679360 -0.010226 0.999824 -0.015727 -0.679526 0.004590 0.733637 35.692698 -1.346206 101.165090
0.733620 0.018516 0.679308 -0.010242 0.999816 -0.016190 -0.679483 0.004920 0.733675 36.239249 -1.365068 101.755782
0.732523 0.018419 0.680493 -0.010148 0.999818 -0.016139 -0.680666 0.004917 0.732577 36.660007 -1.383212 102.208155
0.731381 0.018694 0.681713 -0.010548 0.999815 -0.016100 -0.681888 0.004585 0.731442 37.027336 -1.390243 102.601030
0.724231 0.019236 0.689289 -0.010695 0.999804 -0.016664 -0.689474 0.004697 0.724295 37.365978 -1.396279 102.947113
0.725980 0.020069 0.687422 -0.011538 0.999789 -0.017004 -0.687619 0.004413 0.726059 37.707514 -1.402778 103.311178
0.728066 0.020371 0.685204 -0.012094 0.999784 -0.016874 -0.685400 0.003999 0.728155 38.110755 -1.410096 103.741857
0.726294 0.020632 0.687074 -0.011908 0.999777 -0.017434 -0.687281 0.004480 0.726378 38.618907 -1.429269 104.278090
0.727154 0.020504 0.686169 -0.011841 0.999780 -0.017326 -0.686373 0.004473 0.727236 39.079636 -1.448526 104.767363
0.716767 0.020849 0.697001 -0.011912 0.999773 -0.017656 -0.697211 0.004353 0.716853 39.419115 -1.455410 105.102640
0.714632 0.021053 0.699184 -0.011859 0.999768 -0.017982 -0.699400 0.004559 0.714716 39.716491 -1.460727 105.402350
0.717871 0.021728 0.695837 -0.012167 0.999752 -0.018667 -0.696070 0.004935 0.717957 40.078257 -1.468582 105.778990
0.711526 0.021806 0.702321 -0.012059 0.999750 -0.018824 -0.702556 0.004925 0.711611 40.430103 -1.476351 106.126885
0.711783 0.022180 0.702049 -0.012392 0.999742 -0.019021 -0.702290 0.004839 0.711875 40.977709 -1.497031 106.683236
0.705965 0.021969 0.707906 -0.012244 0.999748 -0.018816 -0.708141 0.004616 0.706056 41.411654 -1.516193 107.110547
0.706410 0.022411 0.707448 -0.013112 0.999741 -0.018577 -0.707681 0.003847 0.706521 41.730960 -1.523121 107.431107
0.700234 0.023221 0.713536 -0.013434 0.999722 -0.019351 -0.713787 0.003965 0.700351 42.078957 -1.530516 107.765388
0.690593 0.023744 0.722853 -0.013390 0.999709 -0.020046 -0.723119 0.004165 0.690711 42.372636 -1.535743 108.032388
0.681885 0.023675 0.731077 -0.013198 0.999712 -0.020064 -0.731341 0.004032 0.682000 42.875225 -1.557292 108.494675
0.682613 0.023742 0.730394 -0.013541 0.999711 -0.019842 -0.730655 0.003654 0.682737 43.361201 -1.578188 108.950601
0.674307 0.023861 0.738066 -0.013744 0.999710 -0.019763 -0.738323 0.003182 0.674440 43.734384 -1.586001 109.282005
0.673469 0.024710 0.738802 -0.014474 0.999690 -0.020241 -0.739074 0.002939 0.673618 44.125709 -1.594364 109.638756
0.666063 0.025017 0.745476 -0.014406 0.999682 -0.020676 -0.745757 0.003032 0.666212 44.474154 -1.601992 109.940891
0.665148 0.025267 0.746284 -0.014763 0.999677 -0.020688 -0.746565 0.002743 0.665306 44.803720 -1.609900 110.233686
0.664015 0.026029 0.747266 -0.015019 0.999657 -0.021475 -0.747569 0.003037 0.664178 45.204344 -1.619076 110.588517
0.658108 0.025874 0.752479 -0.014703 0.999660 -0.021514 -0.752780 0.003095 0.658265 45.691804 -1.640165 111.010704
0.659839 0.025820 0.750963 -0.014734 0.999662 -0.021425 -0.751263 0.003073 0.659996 46.205214 -1.662388 111.463661
0.651416 0.025995 0.758276 -0.014589 0.999657 -0.021738 -0.758581 0.003098 0.651572 46.714338 -1.684363 111.895453
0.650469 0.026415 0.759074 -0.015070 0.999647 -0.021873 -0.759384 0.002789 0.650637 47.212408 -1.706391 112.323506
0.652912 0.026184 0.756981 -0.014718 0.999652 -0.021883 -0.757291 0.003147 0.653070 47.639041 -1.715759 112.691490
0.647252 0.026266 0.761823 -0.014767 0.999651 -0.021920 -0.762133 0.002938 0.647414 48.075388 -1.725598 113.056376
0.640331 0.026408 0.767645 -0.014479 0.999646 -0.022312 -0.767963 0.003173 0.640487 48.418871 -1.733912 113.333861
0.640897 0.026826 0.767158 -0.015340 0.999637 -0.022140 -0.767474 0.002421 0.641076 48.866573 -1.744796 113.709445
0.638834 0.027832 0.768841 -0.016170 0.999610 -0.022751 -0.769175 0.002102 0.639035 49.315462 -1.755315 114.081966
0.639131 0.028277 0.768578 -0.016152 0.999597 -0.023345 -0.768928 0.002507 0.639330 49.788167 -1.765971 114.473983
0.638768 0.028094 0.768886 -0.015597 0.999601 -0.023566 -0.769241 0.003060 0.638951 50.257373 -1.777706 114.861157
0.632530 0.027892 0.774034 -0.015597 0.999607 -0.023274 -0.774379 0.002649 0.632716 50.713127 -1.788812 115.227056
0.636203 0.028361 0.771000 -0.015497 0.999592 -0.023982 -0.771366 0.003309 0.636383 51.191016 -1.800249 115.622749
0.637537 0.028843 0.769879 -0.015862 0.999579 -0.024313 -0.770256 0.003288 0.637726 51.672621 -1.811576 116.022212
0.627825 0.028304 0.777839 -0.015691 0.999596 -0.023709 -0.778196 0.002680 0.628016 52.121337 -1.822433 116.374756
0.627861 0.028300 0.777811 -0.015953 0.999597 -0.023491 -0.778162 0.002341 0.628059 52.779592 -1.848054 116.906752
0.629888 0.028362 0.776168 -0.015869 0.999594 -0.023648 -0.776524 0.002579 0.630082 53.383951 -1.872437 117.398357
0.628806 0.028811 0.777028 -0.015936 0.999581 -0.024167 -0.777399 0.002814 0.629002 53.886087 -1.884567 117.803146
0.629435 0.028641 0.776525 -0.015683 0.999585 -0.024155 -0.776895 0.003025 0.629623 54.489368 -1.909525 118.292412
0.628693 0.028587 0.777128 -0.015643 0.999587 -0.024115 -0.777496 0.003004 0.628881 55.187983 -1.947303 118.859299
0.627951 0.028533 0.777730 -0.015603 0.999588 -0.024074 -0.778097 0.002982 0.628137 55.887142 -1.985044 119.425519
0.627207 0.028480 0.778331 -0.015563 0.999590 -0.024034 -0.778697 0.002961 0.627393 56.586843 -2.022749 119.991069
0.627953 0.028431 0.777732 -0.015886 0.999593 -0.023714 -0.778089 0.002536 0.628149 57.130008 -2.046739 120.431175
0.628334 0.028713 0.777414 -0.016306 0.999585 -0.023739 -0.777773 0.002239 0.628542 57.735568 -2.071391 120.922141
0.629100 0.028511 0.776802 -0.016025 0.999590 -0.023710 -0.777159 0.002468 0.629299 58.323055 -2.095713 121.397867
0.611589 0.028379 0.790666 -0.015807 0.999595 -0.023651 -0.791017 0.001967 0.611790 58.711383 -2.106240 121.679831
0.611617 0.028789 0.790630 -0.015907 0.999583 -0.024092 -0.790994 0.002158 0.611820 59.138377 -2.116409 122.009344
0.604861 0.028829 0.795809 -0.015862 0.999582 -0.024156 -0.796173 0.001988 0.605065 59.510920 -2.127105 122.285151
0.606355 0.029464 0.794648 -0.016580 0.999565 -0.024411 -0.795021 0.001627 0.606580 59.951542 -2.137526 122.623335
0.599551 0.029546 0.799791 -0.016263 0.999562 -0.024735 -0.800171 0.001822 0.599769 60.353486 -2.148382 122.917100
0.602004 0.029464 0.797950 -0.016252 0.999564 -0.024647 -0.798328 0.001870 0.602220 60.955709 -2.173178 123.372817
0.598518 0.029559 0.800564 -0.015957 0.999561 -0.024977 -0.800950 0.002175 0.598727 61.451695 -2.195589 123.741227
0.595385 0.029907 0.802884 -0.016150 0.999551 -0.025257 -0.803278 0.002071 0.595600 61.801562 -2.204586 123.997427
0.586593 0.030386 0.809311 -0.016317 0.999536 -0.025702 -0.809717 0.001871 0.586817 62.280523 -2.217611 124.337561
0.581421 0.030606 0.813027 -0.015822 0.999529 -0.026312 -0.813449 0.002435 0.581631 62.642969 -2.226831 124.589923
0.582617 0.031346 0.812142 -0.016023 0.999505 -0.027083 -0.812589 0.002766 0.582830 63.050256 -2.238057 124.882973
0.582005 0.031109 0.812590 -0.016261 0.999513 -0.026618 -0.813023 0.002278 0.582228 63.657449 -2.264988 125.318783
0.581997 0.031234 0.812591 -0.016184 0.999509 -0.026827 -0.813030 0.002463 0.582217 64.170727 -2.290017 125.687051
0.584836 0.031779 0.810529 -0.016420 0.999491 -0.027340 -0.810985 0.002680 0.585061 64.574826 -2.301644 125.980594
0.579840 0.032115 0.814097 -0.016210 0.999480 -0.027883 -0.814569 0.002971 0.580059 65.093437 -2.325607 126.347061
0.580394 0.032353 0.813693 -0.016673 0.999473 -0.027847 -0.814165 0.002596 0.580628 65.668135 -2.352237 126.758820
0.576675 0.031937 0.816349 -0.016233 0.999486 -0.027635 -0.816812 0.002685 0.576897 66.282351 -2.379733 127.190566
0.576552 0.032314 0.816421 -0.016712 0.999475 -0.027757 -0.816890 0.002360 0.576789 66.835343 -2.405945 127.582836
0.576426 0.032098 0.816518 -0.016870 0.999483 -0.027381 -0.816975 0.002008 0.576670 67.245744 -2.417337 127.871945
0.567468 0.032249 0.822763 -0.016784 0.999478 -0.027599 -0.823224 0.001852 0.567713 67.802772 -2.443151 128.251508
0.569190 0.032191 0.821575 -0.016703 0.999480 -0.027590 -0.822036 0.001981 0.569432 68.377787 -2.469201 128.650782
0.570751 0.032502 0.820479 -0.016960 0.999470 -0.027795 -0.820948 0.001949 0.571000 69.029836 -2.497039 129.105913
0.564256 0.032616 0.824955 -0.017171 0.999467 -0.027771 -0.825421 0.001505 0.564515 69.581930 -2.522141 129.481132
0.559239 0.032403 0.828373 -0.016605 0.999473 -0.027886 -0.828840 0.001839 0.559482 70.026403 -2.534195 129.774878
0.559741 0.032668 0.828023 -0.016452 0.999464 -0.028310 -0.828504 0.002224 0.559979 70.668366 -2.562038 130.209116
0.561323 0.033059 0.826936 -0.016808 0.999451 -0.028546 -0.827426 0.002124 0.561571 71.250842 -2.589099 130.606782
0.554002 0.033667 0.831834 -0.017070 0.999431 -0.029081 -0.832340 0.001912 0.554261 71.668814 -2.600346 130.878824
0.539596 0.033196 0.841269 -0.016492 0.999447 -0.028859 -0.841762 0.001698 0.539846 71.999517 -2.610565 131.074922
0.539706 0.033151 0.841201 -0.016884 0.999450 -0.028556 -0.841684 0.001209 0.539969 72.580443 -2.637802 131.449136
0.540240 0.033030 0.840862 -0.017082 0.999454 -0.028285 -0.841338 0.000917 0.540509 73.135158 -2.664290 131.806877
0.540713 0.032845 0.840565 -0.016789 0.999460 -0.028254 -0.841039 0.001165 0.540973 73.619303 -2.677565 132.117045
0.540400 0.033328 0.840748 -0.016958 0.999444 -0.028718 -0.841237 0.001262 0.540665 74.279952 -2.706223 132.542433
0.541339 0.033391 0.840141 -0.017393 0.999442 -0.028516 -0.840625 0.000824 0.541617 74.879340 -2.733719 132.930552
0.538739 0.033427 0.841809 -0.016942 0.999440 -0.028843 -0.842302 0.001277 0.539004 75.564203 -2.763455 133.367444
0.538889 0.033143 0.841724 -0.016700 0.999450 -0.028662 -0.842211 0.001389 0.539146 76.210677 -2.791884 133.781294
0.538476 0.033574 0.841972 -0.016990 0.999435 -0.028987 -0.842469 0.001303 0.538743 76.890249 -2.821614 134.216976
0.528970 0.033514 0.847979 -0.016528 0.999437 -0.029190 -0.848480 0.001425 0.529226 77.469588 -2.849315 134.572944
0.530410 0.033230 0.847090 -0.016505 0.999447 -0.028873 -0.847581 0.001333 0.530665 78.148444 -2.878672 134.998689
0.528977 0.033271 0.847984 -0.016321 0.999445 -0.029032 -0.848479 0.001517 0.529227 78.681852 -2.904574 135.331172
0.531017 0.033891 0.846683 -0.016429 0.999424 -0.029701 -0.847202 0.001862 0.531267 79.216207 -2.919420 135.666832
0.532274 0.034266 0.845878 -0.016739 0.999411 -0.029952 -0.846407 0.001783 0.532534 79.807387 -2.936826 136.039120
0.530213 0.034592 0.847159 -0.016691 0.999400 -0.030361 -0.847700 0.001958 0.530472 80.327164 -2.951962 136.361981
0.529714 0.034098 0.847491 -0.016251 0.999416 -0.030054 -0.848021 0.002148 0.529958 80.925283 -2.969906 136.733389
0.530652 0.034923 0.846870 -0.016925 0.999388 -0.030608 -0.847421 0.001909 0.530919 81.498858 -2.986929 137.093765
0.529750 0.034386 0.847456 -0.016242 0.999406 -0.030399 -0.847998 0.002339 0.529994 82.102677 -3.005399 137.468217
0.528724 0.034418 0.848095 -0.016880 0.999406 -0.030035 -0.848626 0.001565 0.528992 82.668445 -3.022249 137.820878
0.529160 0.034893 0.847805 -0.017065 0.999390 -0.030481 -0.848351 0.001661 0.529432 83.308770 -3.051302 138.221700
0.529791 0.034611 0.847422 -0.016871 0.999399 -0.030271 -0.847961 0.001740 0.530056 83.952184 -3.080855 138.624184
0.520022 0.034456 0.853457 -0.016533 0.999405 -0.030274 -0.853993 0.001633 0.520282 84.560000 -3.109809 138.989632
0.519207 0.034400 0.853956 -0.016487 0.999407 -0.030235 -0.854490 0.001619 0.519466 85.327795 -3.153093 139.458105
0.518723 0.034827 0.854233 -0.016858 0.999392 -0.030508 -0.854776 0.001425 0.518995 85.977074 -3.182407 139.853378
0.520331 0.035598 0.853223 -0.016887 0.999364 -0.031397 -0.853798 0.001928 0.520601 86.476583 -3.197096 140.158217
0.522359 0.035207 0.851999 -0.016701 0.999378 -0.031058 -0.852562 0.001994 0.522622 87.038089 -3.214702 140.502114
0.523692 0.035122 0.851183 -0.016744 0.999381 -0.030935 -0.851743 0.001948 0.523956 87.661967 -3.233814 140.885557
0.518307 0.035696 0.854449 -0.017173 0.999361 -0.031333 -0.855022 0.001567 0.518589 88.212360 -3.250303 141.216573
0.517567 0.035335 0.854913 -0.017302 0.999375 -0.030831 -0.855468 0.001166 0.517855 88.890267 -3.281700 141.627664
0.518528 0.035558 0.854321 -0.017158 0.999366 -0.031181 -0.854889 0.001510 0.518809 89.546830 -3.311495 142.026703
0.519939 0.035701 0.853457 -0.017097 0.999361 -0.031388 -0.854032 0.001729 0.520217 90.136260 -3.329671 142.385320
0.517342 0.036006 0.855021 -0.017522 0.999351 -0.031482 -0.855599 0.001306 0.517637 90.713615 -3.347604 142.733815
0.515988 0.035764 0.855849 -0.017765 0.999360 -0.031050 -0.856412 0.000817 0.516293 91.407532 -3.379707 143.152687
0.515170 0.035708 0.856344 -0.017719 0.999362 -0.031012 -0.856905 0.000803 0.515474 92.177461 -3.423689 143.617582
0.514352 0.035652 0.856838 -0.017672 0.999364 -0.030974 -0.857397 0.000789 0.514655 92.947835 -3.467636 144.081740
0.514189 0.035676 0.856934 -0.017380 0.999363 -0.031178 -0.857501 0.001138 0.514482 93.559485 -3.496425 144.448543
0.512686 0.035817 0.857829 -0.016992 0.999357 -0.031571 -0.858408 0.001610 0.512965 94.234254 -3.527599 144.851027
0.512611 0.036000 0.857866 -0.016780 0.999350 -0.031911 -0.858457 0.001963 0.512882 94.821530 -3.556376 145.202146
0.505814 0.036140 0.861885 -0.016749 0.999345 -0.032074 -0.862480 0.001787 0.506088 95.279338 -3.571045 145.465048
0.495414 0.036217 0.867902 -0.016608 0.999343 -0.032222 -0.868498 0.001549 0.495690 95.784212 -3.586728 145.745568
0.497860 0.035817 0.866517 -0.016195 0.999357 -0.032003 -0.867106 0.001900 0.498120 96.381685 -3.605196 146.087857
0.496399 0.035783 0.867356 -0.016367 0.999358 -0.031861 -0.867940 0.001620 0.496666 96.983790 -3.623440 146.431034
0.498553 0.035685 0.866124 -0.015951 0.999361 -0.031993 -0.866712 0.002134 0.498804 97.597789 -3.642173 146.783478
0.499413 0.035688 0.865629 -0.016166 0.999361 -0.031875 -0.866213 0.001925 0.499671 98.178511 -3.660235 147.118511
0.490390 0.035395 0.870784 -0.016332 0.999373 -0.031425 -0.871350 0.001189 0.490660 98.730476 -3.677158 147.423494
0.490632 0.035412 0.870647 -0.016074 0.999372 -0.031589 -0.871219 0.001504 0.490893 99.405998 -3.697366 147.801953
0.481330 0.035139 0.875835 -0.015663 0.999381 -0.031488 -0.876399 0.001438 0.481583 100.042569 -3.727690 148.147458
0.480494 0.035083 0.876296 -0.015616 0.999383 -0.031448 -0.876859 0.001427 0.480745 100.830503 -3.772067 148.581094
0.472027 0.034742 0.880899 -0.015253 0.999395 -0.031242 -0.881452 0.001311 0.472271 101.410424 -3.800191 148.887129
0.471622 0.035397 0.881090 -0.016026 0.999373 -0.031570 -0.881655 0.000769 0.471894 102.008019 -3.818188 149.207344
0.472703 0.034848 0.880532 -0.016342 0.999393 -0.030779 -0.881070 0.000159 0.472986 102.639773 -3.836611 149.546030
0.463557 0.034487 0.885396 -0.016051 0.999405 -0.030524 -0.885922 -0.000062 0.463835 103.268015 -3.865604 149.870654
0.464246 0.034847 0.885021 -0.015991 0.999393 -0.030962 -0.885562 0.000222 0.464521 103.926914 -3.894716 150.217146
0.466643 0.034529 0.883771 -0.016560 0.999404 -0.030302 -0.884291 -0.000495 0.466937 104.521973 -3.912262 150.532894
0.465167 0.034529 0.884549 -0.016989 0.999403 -0.030078 -0.885060 -0.001037 0.465476 105.216734 -3.942953 150.899161
0.460055 0.034755 0.887210 -0.017332 0.999395 -0.030163 -0.887721 -0.001501 0.460379 105.814229 -3.969720 151.207767
0.458385 0.035068 0.888062 -0.018137 0.999382 -0.030102 -0.888569 -0.002309 0.458738 106.310432 -3.983804 151.463633
0.458220 0.035133 0.888144 -0.018179 0.999380 -0.030155 -0.888653 -0.002328 0.458574 106.933610 -4.001658 151.784156
0.458025 0.035260 0.888240 -0.018637 0.999374 -0.030062 -0.888744 -0.002785 0.458395 107.480031 -4.017658 152.065776
0.453385 0.035486 0.890608 -0.018568 0.999366 -0.030367 -0.891121 -0.002768 0.453756 108.004876 -4.032852 152.329468
0.457116 0.036271 0.888667 -0.018975 0.999338 -0.031028 -0.889205 -0.002679 0.457502 108.584143 -4.049030 152.629495
0.456428 0.036085 0.889028 -0.018582 0.999346 -0.031023 -0.889566 -0.002360 0.456800 109.107055 -4.064376 152.896113
0.445646 0.036504 0.894465 -0.018338 0.999331 -0.031647 -0.895022 -0.002300 0.446017 109.720586 -4.081429 153.194600
0.444506 0.036612 0.895027 -0.018317 0.999327 -0.031781 -0.895588 -0.002268 0.444878 110.324999 -4.099560 153.493201
0.435882 0.036232 0.899274 -0.018102 0.999340 -0.031489 -0.899822 -0.002554 0.436250 110.863187 -4.116368 153.747763
0.435641 0.037200 0.899352 -0.018309 0.999305 -0.032465 -0.899934 -0.002323 0.436019 111.458921 -4.133347 154.035773
0.439807 0.037232 0.897320 -0.018150 0.999305 -0.032567 -0.897909 -0.001963 0.440177 112.020057 -4.150460 154.311771
0.440261 0.038106 0.897061 -0.018609 0.999272 -0.033315 -0.897677 -0.002026 0.440650 112.583849 -4.168479 154.589015
0.420309 0.038212 0.906576 -0.018237 0.999267 -0.033663 -0.907198 -0.002384 0.420698 113.041789 -4.184367 154.786441
0.420783 0.038460 0.906346 -0.017672 0.999259 -0.034198 -0.906989 -0.001627 0.421150 113.674345 -4.204448 155.077893
0.420788 0.039271 0.906309 -0.017779 0.999228 -0.035042 -0.906985 -0.001368 0.421161 114.180197 -4.221599 155.312366
0.414363 0.039572 0.909251 -0.018280 0.999215 -0.035157 -0.909928 -0.002053 0.414761 114.691371 -4.238799 155.541865
0.406743 0.039501 0.912688 -0.018208 0.999217 -0.035131 -0.913361 -0.002329 0.407143 115.245076 -4.257220 155.783672
0.407136 0.039676 0.912505 -0.018581 0.999209 -0.035156 -0.913178 -0.002642 0.407552 115.986864 -4.291962 156.115927
0.409294 0.039702 0.911538 -0.018960 0.999207 -0.035007 -0.912205 -0.002954 0.409722 116.662110 -4.324420 156.421222
0.408702 0.039725 0.911803 -0.018345 0.999208 -0.035310 -0.912483 -0.002296 0.409107 117.327662 -4.346624 156.717638
0.406556 0.039845 0.912756 -0.017555 0.999205 -0.035799 -0.913457 -0.001469 0.406933 117.884278 -4.365240 156.962265
0.389605 0.040062 0.920110 -0.017406 0.999195 -0.036135 -0.920817 -0.001937 0.389989 118.386469 -4.382181 157.163580
0.392643 0.040481 0.918800 -0.017763 0.999178 -0.036431 -0.919519 -0.002016 0.393040 118.975603 -4.401932 157.416650
0.389250 0.041100 0.920215 -0.018146 0.999152 -0.036950 -0.920953 -0.002316 0.389666 119.530869 -4.421257 157.650001
0.385510 0.040573 0.921811 -0.018479 0.999172 -0.036251 -0.922519 -0.003059 0.385941 120.211303 -4.445028 157.932520
0.385081 0.040509 0.921993 -0.018099 0.999176 -0.036340 -0.922705 -0.002693 0.385497 120.946792 -4.480221 158.239426
0.384201 0.040451 0.922363 -0.018048 0.999178 -0.036303 -0.923073 -0.002699 0.384615 121.776207 -4.528963 158.586624
0.373371 0.040371 0.926803 -0.017541 0.999181 -0.036457 -0.927516 -0.002645 0.373773 122.412566 -4.561863 158.838101
0.375340 0.040453 0.926004 -0.017533 0.999178 -0.036543 -0.926721 -0.002520 0.375741 123.018567 -4.582126 159.083631
0.361959 0.039972 0.931337 -0.017527 0.999195 -0.036073 -0.932029 -0.003266 0.362368 123.563170 -4.601079 159.287293
0.350533 0.040173 0.935688 -0.017237 0.999187 -0.036442 -0.936392 -0.003355 0.350940 124.047582 -4.617434 159.460492
0.348022 0.040258 0.936622 -0.017757 0.999181 -0.036349 -0.937318 -0.003982 0.348452 124.663888 -4.638159 159.688637
0.347409 0.039624 0.936876 -0.017874 0.999205 -0.035633 -0.937543 -0.004367 0.347841 125.212307 -4.657440 159.891183
0.350085 0.039709 0.935876 -0.018439 0.999200 -0.035499 -0.936536 -0.004829 0.350537 125.736183 -4.675813 160.089265
0.337099 0.039953 0.940621 -0.018262 0.999189 -0.035895 -0.941292 -0.005078 0.337555 126.174554 -4.690613 160.236961
0.333255 0.039927 0.941991 -0.017787 0.999191 -0.036059 -0.942669 -0.004739 0.333696 126.856883 -4.723130 160.476732
0.331889 0.040391 0.942453 -0.017739 0.999173 -0.036575 -0.943152 -0.004579 0.332331 127.465729 -4.753801 160.691219
0.331490 0.040273 0.942599 -0.017647 0.999178 -0.036484 -0.943294 -0.004539 0.331928 127.954310 -4.770993 160.861842
0.331399 0.040471 0.942622 -0.018081 0.999169 -0.036542 -0.943318 -0.004933 0.331855 128.603058 -4.792498 161.089717
0.328934 0.040022 0.943504 -0.018649 0.999182 -0.035882 -0.944169 -0.005792 0.329412 129.128669 -4.809867 161.271811
0.316702 0.039968 0.947682 -0.018619 0.999181 -0.035918 -0.948342 -0.006270 0.317187 129.528964 -4.824091 161.396276
0.319044 0.039755 0.946906 -0.019305 0.999185 -0.035446 -0.947543 -0.006971 0.319551 130.108268 -4.842766 161.593070
0.317348 0.040574 0.947441 -0.019839 0.999150 -0.036143 -0.948102 -0.007326 0.317883 130.685916 -4.861773 161.786396
0.316716 0.041158 0.947627 -0.019751 0.999128 -0.036794 -0.948315 -0.007064 0.317253 131.317756 -4.882532 161.996653
0.318508 0.041704 0.947002 -0.020514 0.999101 -0.037099 -0.947698 -0.007610 0.319078 131.911151 -4.901784 162.197869
0.320565 0.042151 0.946288 -0.021066 0.999080 -0.037366 -0.946992 -0.007957 0.321158 132.443054 -4.920204 162.379663
0.317020 0.041521 0.947510 -0.021057 0.999103 -0.036737 -0.948185 -0.008305 0.317609 132.920227 -4.937391 162.536332
0.318218 0.041372 0.947114 -0.021536 0.999105 -0.036408 -0.947773 -0.008811 0.318824 133.385130 -4.953214 162.693408
0.321407 0.041564 0.946029 -0.021583 0.999098 -0.036563 -0.946695 -0.008666 0.322014 133.966236 -4.971845 162.891421
0.311508 0.041384 0.949342 -0.021708 0.999100 -0.036430 -0.949995 -0.009260 0.312126 134.507397 -4.991169 163.063376
0.308154 0.041854 0.950415 -0.021830 0.999080 -0.036919 -0.951086 -0.009370 0.308784 135.245421 -5.026052 163.302832
0.307246 0.041796 0.950712 -0.021777 0.999082 -0.036884 -0.951381 -0.009371 0.307874 136.100410 -5.075312 163.581072
0.304477 0.042145 0.951587 -0.022168 0.999064 -0.037155 -0.952262 -0.009782 0.305126 136.721857 -5.106797 163.780457
0.306260 0.041873 0.951027 -0.022199 0.999075 -0.036840 -0.951689 -0.009829 0.306906 137.427283 -5.140952 164.008961
0.307543 0.042303 0.950593 -0.022538 0.999055 -0.037168 -0.951267 -0.009994 0.308206 138.091828 -5.173806 164.225986
0.306625 0.042559 0.950879 -0.022215 0.999048 -0.037552 -0.951571 -0.009609 0.307278 138.843848 -5.209655 164.468571
0.305608 0.042766 0.951197 -0.022012 0.999041 -0.037845 -0.951903 -0.009372 0.306256 139.450638 -5.241220 164.663497
0.308250 0.042591 0.950352 -0.022755 0.999042 -0.037393 -0.951033 -0.010099 0.308923 140.028921 -5.261249 164.852809
0.311697 0.042926 0.949211 -0.022984 0.999027 -0.037631 -0.949903 -0.010088 0.312381 140.595170 -5.281123 165.040417
0.304032 0.042836 0.951698 -0.022884 0.999029 -0.037655 -0.952387 -0.010330 0.304717 141.150673 -5.300160 165.212973
0.305339 0.042389 0.951300 -0.022550 0.999050 -0.037279 -0.951977 -0.010069 0.306005 141.735004 -5.319772 165.399855
0.305219 0.043324 0.951296 -0.022489 0.999014 -0.038282 -0.952017 -0.009709 0.305893 142.224671 -5.336649 165.556431
0.297382 0.042925 0.953793 -0.022034 0.999031 -0.038091 -0.954504 -0.009688 0.298040 142.878606 -5.370032 165.757208
0.298344 0.042662 0.953505 -0.021910 0.999043 -0.037844 -0.954207 -0.009600 0.298993 143.576016 -5.404482 165.976141
0.288651 0.043343 0.956453 -0.021630 0.999015 -0.038744 -0.957190 -0.009505 0.289304 144.109146 -5.423179 166.130876
0.276994 0.043029 0.959908 -0.021060 0.999029 -0.038706 -0.960641 -0.009494 0.277631 144.606688 -5.441876 166.266146
0.279398 0.043453 0.959192 -0.020704 0.999016 -0.039226 -0.959952 -0.008899 0.280022 145.209364 -5.462777 166.441411
0.275774 0.043376 0.960243 -0.021049 0.999014 -0.039083 -0.960992 -0.009434 0.276415 145.942862 -5.499612 166.652550
0.266615 0.043013 0.962843 -0.020600 0.999030 -0.038925 -0.963583 -0.009456 0.267243 146.604393 -5.533858 166.832219
0.255851 0.042563 0.965779 -0.020576 0.999044 -0.038578 -0.966497 -0.010002 0.256482 147.141526 -5.553608 166.968018
0.262307 0.042976 0.964027 -0.021211 0.999023 -0.038765 -0.964751 -0.010280 0.262962 147.677625 -5.571622 167.117395
0.252923 0.043259 0.966519 -0.021469 0.999005 -0.039095 -0.967248 -0.010863 0.253600 148.261239 -5.591709 167.265476
0.251010 0.043600 0.967002 -0.022034 0.998984 -0.039323 -0.967734 -0.011436 0.251715 148.772415 -5.610026 167.397682
0.246174 0.043853 0.968233 -0.021855 0.998973 -0.039689 -0.968979 -0.011390 0.246879 149.305487 -5.628910 167.529996
0.242178 0.044930 0.969191 -0.021816 0.998927 -0.040857 -0.969987 -0.011249 0.242898 149.855750 -5.649173 167.665443
0.225648 0.044913 0.973173 -0.021085 0.998928 -0.041212 -0.973981 -0.011220 0.226353 150.325809 -5.666954 167.762840
0.213539 0.044588 0.975917 -0.020317 0.998945 -0.041195 -0.976723 -0.011031 0.214219 150.813037 -5.686296 167.860609
0.206686 0.044958 0.977374 -0.019755 0.998932 -0.041772 -0.978208 -0.010674 0.207353 151.392898 -5.707607 167.978279
0.197963 0.044460 0.979201 -0.019554 0.998951 -0.041404 -0.980014 -0.010951 0.198625 151.916832 -5.728370 168.078520
0.198896 0.044523 0.979009 -0.019884 0.998945 -0.041390 -0.979819 -0.011234 0.199571 152.551092 -5.751988 168.207703
0.187184 0.044530 0.981315 -0.019596 0.998943 -0.041592 -0.982129 -0.011444 0.187859 153.155888 -5.774768 168.316819
0.186447 0.044646 0.981450 -0.020437 0.998927 -0.041558 -0.982252 -0.012309 0.187160 153.802649 -5.798838 168.440247
0.186771 0.044879 0.981378 -0.020762 0.998913 -0.041729 -0.982184 -0.012581 0.187500 154.598465 -5.838676 168.593441
0.188362 0.045079 0.981065 -0.020625 0.998907 -0.041939 -0.981883 -0.012335 0.189086 155.336481 -5.876207 168.736180
0.178715 0.044758 0.982882 -0.020599 0.998916 -0.041742 -0.983685 -0.012786 0.179443 156.002743 -5.901035 168.852842
0.176202 0.044763 0.983336 -0.020375 0.998917 -0.041821 -0.984143 -0.012667 0.176923 156.694357 -5.926955 168.974707
0.177332 0.044845 0.983129 -0.020716 0.998910 -0.041828 -0.983933 -0.012949 0.178068 157.474995 -5.966165 169.117263
0.176393 0.044787 0.983300 -0.020659 0.998913 -0.041792 -0.984103 -0.012942 0.177127 158.359401 -6.019843 169.277876
0.175079 0.044625 0.983542 -0.021063 0.998913 -0.041573 -0.984329 -0.013438 0.175829 159.121843 -6.058944 169.414847
0.178052 0.044500 0.983014 -0.021420 0.998916 -0.041340 -0.983788 -0.013696 0.178813 159.754947 -6.082401 169.530703
0.178503 0.044912 0.982914 -0.021479 0.998898 -0.041742 -0.983705 -0.013660 0.179271 160.435051 -6.107810 169.653971
0.180134 0.044191 0.982649 -0.021356 0.998931 -0.041009 -0.983410 -0.013598 0.180885 161.188623 -6.135956 169.791578
0.176138 0.044342 0.983366 -0.020466 0.998934 -0.041379 -0.984153 -0.012838 0.176858 161.802426 -6.158560 169.897839
0.168506 0.043912 0.984722 -0.019503 0.998960 -0.041210 -0.985508 -0.012261 0.169187 162.370226 -6.179833 169.989159
0.162364 0.044181 0.985741 -0.018824 0.998954 -0.041672 -0.986551 -0.011790 0.163025 162.965461 -6.201444 170.082606
0.150759 0.044292 0.987578 -0.018892 0.998942 -0.041918 -0.988390 -0.012338 0.151436 163.543327 -6.224453 170.165090
0.146811 0.044362 0.988169 -0.018623 0.998941 -0.042079 -0.988989 -0.012225 0.147481 164.258526 -6.251492 170.268976
0.142382 0.044020 0.988832 -0.018787 0.998951 -0.041766 -0.989633 -0.012631 0.143060 164.906458 -6.275334 170.360020
0.133789 0.044018 0.990032 -0.018572 0.998949 -0.041905 -0.990836 -0.012781 0.134466 165.533399 -6.298679 170.439921
0.134093 0.044951 0.989949 -0.018503 0.998910 -0.042852 -0.990796 -0.012571 0.134779 166.162062 -6.321617 170.524475
0.128773 0.044948 0.990655 -0.018468 0.998908 -0.042922 -0.991502 -0.012768 0.129463 166.801371 -6.345612 170.604913
0.125258 0.044180 0.991140 -0.017821 0.998947 -0.042276 -0.991964 -0.012367 0.125913 167.491079 -6.372076 170.688741
0.124861 0.044307 0.991184 -0.017361 0.998947 -0.042467 -0.992022 -0.011905 0.125498 168.114340 -6.395200 170.765768
0.122641 0.044285 0.991462 -0.017382 0.998947 -0.042470 -0.992299 -0.012025 0.123282 168.844462 -6.423251 170.854876
0.120765 0.044297 0.991692 -0.017419 0.998945 -0.042500 -0.992528 -0.012142 0.121410 169.551501 -6.449851 170.939715
0.108924 0.044394 0.993058 -0.016561 0.998945 -0.042841 -0.993912 -0.011780 0.109544 170.146689 -6.473685 170.997787
0.109570 0.044402 0.992987 -0.016245 0.998948 -0.042876 -0.993846 -0.011433 0.110176 170.970480 -6.515300 171.088671
0.105609 0.044525 0.993410 -0.015784 0.998946 -0.043095 -0.994282 -0.011129 0.106201 171.627568 -6.550483 171.156959
0.105648 0.044643 0.993401 -0.015698 0.998942 -0.043223 -0.994280 -0.011028 0.106237 172.340580 -6.577807 171.231516
0.096955 0.044230 0.994306 -0.015021 0.998963 -0.042973 -0.995175 -0.010769 0.097518 172.936297 -6.601413 171.283901
0.088441 0.044011 0.995109 -0.014469 0.998975 -0.042896 -0.995976 -0.010604 0.088988 173.639010 -6.628320 171.341913
0.088477 0.044269 0.995094 -0.014748 0.998961 -0.043130 -0.995969 -0.010860 0.089038 174.459158 -6.669831 171.415895
0.091726 0.044302 0.994798 -0.014898 0.998959 -0.043113 -0.995673 -0.010865 0.092290 175.192929 -6.707975 171.485414
0.089269 0.045179 0.994982 -0.014986 0.998919 -0.044013 -0.995895 -0.010981 0.089850 175.738642 -6.728664 171.533200
0.089488 0.044804 0.994980 -0.014833 0.998937 -0.043649 -0.995877 -0.010853 0.090058 176.569807 -6.771604 171.608242
0.089411 0.044474 0.995001 -0.014540 0.998954 -0.043344 -0.995889 -0.010592 0.089964 177.388929 -6.814154 171.681850
0.088954 0.044340 0.995048 -0.014669 0.998959 -0.043203 -0.995928 -0.010753 0.089512 178.082085 -6.841460 171.743268
0.088517 0.044518 0.995079 -0.015082 0.998946 -0.043349 -0.995960 -0.011170 0.089095 178.869011 -6.882518 171.814804
0.087567 0.044462 0.995166 -0.015023 0.998949 -0.043309 -0.996045 -0.011158 0.088143 179.764189 -6.937566 171.895284
0.087280 0.044249 0.995201 -0.014765 0.998961 -0.043121 -0.996074 -0.010931 0.087842 180.503680 -6.976217 171.960189
0.086032 0.043889 0.995325 -0.015301 0.998970 -0.042727 -0.996175 -0.011554 0.086615 181.193715 -7.003118 172.019699
0.073970 0.044036 0.996288 -0.014862 0.998962 -0.043050 -0.997150 -0.011622 0.074547 181.670831 -7.021043 172.047072
0.071348 0.044565 0.996455 -0.014688 0.998940 -0.043624 -0.997343 -0.011524 0.071927 182.303445 -7.044752 172.090438
0.061486 0.044968 0.997094 -0.014395 0.998921 -0.044163 -0.998004 -0.011638 0.062067 182.905370 -7.068454 172.121988
0.050068 0.045281 0.997719 -0.014026 0.998905 -0.044631 -0.998647 -0.011759 0.050649 183.510515 -7.093216 172.146364
0.051320 0.044889 0.997673 -0.014746 0.998914 -0.044186 -0.998573 -0.012444 0.051926 184.206669 -7.120570 172.182940
0.051571 0.044284 0.997687 -0.014539 0.998944 -0.043588 -0.998563 -0.012257 0.052161 184.865088 -7.146436 172.215921
0.048995 0.044511 0.997807 -0.014798 0.998929 -0.043834 -0.998689 -0.012618 0.049601 185.421581 -7.168645 172.242268
0.038443 0.044710 0.998260 -0.014547 0.998918 -0.044179 -0.999155 -0.012823 0.039052 185.995716 -7.191860 172.258543
0.042212 0.044996 0.998095 -0.014634 0.998906 -0.044414 -0.999002 -0.012731 0.042824 186.629381 -7.216245 172.286278
0.044516 0.045686 0.997963 -0.014496 0.998878 -0.045081 -0.998904 -0.012460 0.045128 187.275735 -7.241793 172.315284
0.048819 0.045491 0.997771 -0.015355 0.998878 -0.044790 -0.998690 -0.013134 0.049463 187.928138 -7.267372 172.349783
0.049081 0.046024 0.997734 -0.015538 0.998852 -0.045311 -0.998674 -0.013279 0.049739 188.639639 -7.295831 172.385142
0.044163 0.045646 0.997981 -0.015635 0.998865 -0.044995 -0.998902 -0.013616 0.044826 189.213573 -7.318088 172.407596
0.034684 0.045594 0.998358 -0.015204 0.998867 -0.045089 -0.999283 -0.013615 0.035337 189.745537 -7.339367 172.420006
0.024017 0.045176 0.998690 -0.014836 0.998885 -0.044828 -0.999601 -0.013740 0.024660 190.321592 -7.363711 172.427784
0.028492 0.044678 0.998595 -0.015026 0.998907 -0.044264 -0.999481 -0.013743 0.029133 190.980590 -7.389549 172.447595
0.013160 0.044644 0.998916 -0.014516 0.998906 -0.044452 -0.999808 -0.013915 0.013794 191.486481 -7.408994 172.444702
0.017787 0.044536 0.998849 -0.015309 0.998902 -0.044265 -0.999725 -0.014504 0.018449 192.166821 -7.434925 172.458970
0.015120 0.044608 0.998890 -0.015372 0.998897 -0.044375 -0.999768 -0.014684 0.015789 192.761905 -7.458898 172.466617
0.016382 0.043849 0.998904 -0.015421 0.998930 -0.043597 -0.999747 -0.014690 0.017041 193.375414 -7.483201 172.476445
0.013844 0.044237 0.998925 -0.015151 0.998915 -0.044026 -0.999789 -0.014525 0.014499 194.051649 -7.509069 172.483732
0.010115 0.044837 0.998943 -0.014940 0.998889 -0.044683 -0.999837 -0.014473 0.010774 194.646592 -7.532682 172.487287
0.010869 0.044538 0.998949 -0.014937 0.998903 -0.044373 -0.999829 -0.014439 0.011522 195.347511 -7.560501 172.494435
0.013199 0.045015 0.998899 -0.014781 0.998886 -0.044819 -0.999804 -0.014173 0.013850 196.021087 -7.586956 172.503266
0.002163 0.045362 0.998968 -0.014147 0.998872 -0.045327 -0.999898 -0.014035 0.002802 196.552784 -7.609298 172.497415
0.007644 0.045542 0.998933 -0.014137 0.998867 -0.045431 -0.999871 -0.013775 0.008280 197.173204 -7.633922 172.503547
0.004687 0.045710 0.998944 -0.014062 0.998859 -0.045640 -0.999890 -0.013833 0.005325 197.782696 -7.658569 172.504630
-0.006698 0.045714 0.998932 -0.013694 0.998857 -0.045802 -0.999884 -0.013986 -0.006065 198.310994 -7.679855 172.493897
-0.009707 0.045124 0.998934 -0.013850 0.998879 -0.045256 -0.999857 -0.014274 -0.009071 199.017026 -7.708946 172.485450
-0.020009 0.045353 0.998771 -0.013689 0.998865 -0.045631 -0.999706 -0.014585 -0.019365 199.632859 -7.733963 172.467833
-0.021379 0.044481 0.998781 -0.014144 0.998896 -0.044788 -0.999671 -0.015084 -0.020727 200.339678 -7.763023 172.452333
-0.022343 0.044631 0.998754 -0.013728 0.998895 -0.044944 -0.999656 -0.014715 -0.021706 201.179038 -7.806965 172.433279
-0.023297 0.044576 0.998734 -0.013668 0.998898 -0.044902 -0.999635 -0.014697 -0.022662 202.077532 -7.863449 172.414059
-0.021028 0.044884 0.998771 -0.014006 0.998880 -0.045184 -0.999681 -0.014939 -0.020376 202.783717 -7.902235 172.401166
-0.030771 0.045277 0.998500 -0.013390 0.998865 -0.045706 -0.999437 -0.014776 -0.030130 203.354956 -7.926432 172.377542
-0.028268 0.045191 0.998578 -0.014285 0.998857 -0.045608 -0.999498 -0.015554 -0.027590 203.986100 -7.951688 172.361534
-0.027271 0.045117 0.998609 -0.014747 0.998854 -0.045531 -0.999519 -0.015969 -0.026575 204.712674 -7.980109 172.341660
-0.031193 0.044922 0.998503 -0.014463 0.998865 -0.045390 -0.999409 -0.015857 -0.030508 205.301116 -8.004090 172.320446
-0.035539 0.044490 0.998378 -0.014605 0.998879 -0.045032 -0.999262 -0.016182 -0.034849 206.079234 -8.045893 172.292290
-0.046810 0.044268 0.997922 -0.014054 0.998889 -0.044970 -0.998805 -0.016130 -0.046136 206.743579 -8.084057 172.256782
-0.045270 0.043828 0.998013 -0.014071 0.998910 -0.044506 -0.998876 -0.016058 -0.044604 207.385507 -8.109360 172.227250
-0.054742 0.042890 0.997579 -0.014085 0.998944 -0.043722 -0.998401 -0.016444 -0.054080 207.975973 -8.133239 172.189955
-0.053149 0.042952 0.997662 -0.014470 0.998937 -0.043777 -0.998482 -0.016762 -0.052471 208.567878 -8.156141 172.159230
-0.063565 0.042564 0.997070 -0.014647 0.998943 -0.043578 -0.997870 -0.017375 -0.062874 209.168246 -8.180165 172.116602
-0.061727 0.042841 0.997173 -0.014160 0.998940 -0.043793 -0.997993 -0.016823 -0.061055 209.754216 -8.202931 172.079601
-0.061859 0.042920 0.997162 -0.014350 0.998933 -0.043886 -0.997982 -0.017024 -0.061177 210.329912 -8.225946 172.043667
-0.063883 0.042203 0.997065 -0.014083 0.998968 -0.043185 -0.997858 -0.016800 -0.063223 210.961810 -8.250986 172.001210
-0.071612 0.041837 0.996555 -0.014001 0.998979 -0.042945 -0.997334 -0.017028 -0.070953 211.519820 -8.271865 171.956563
-0.069085 0.042723 0.996696 -0.014304 0.998937 -0.043811 -0.997508 -0.017284 -0.068401 212.081011 -8.292861 171.918992
-0.067158 0.042684 0.996829 -0.015316 0.998923 -0.043806 -0.997625 -0.018209 -0.066432 212.548594 -8.312318 171.890268
-0.069188 0.043044 0.996675 -0.015843 0.998895 -0.044240 -0.997478 -0.018851 -0.068429 213.028137 -8.331850 171.856633
-0.080200 0.042576 0.995869 -0.015798 0.998908 -0.043978 -0.996654 -0.019260 -0.079440 213.485241 -8.349431 171.812799
-0.079242 0.042698 0.995941 -0.016137 0.998896 -0.044109 -0.996725 -0.019567 -0.078465 214.277256 -8.390300 171.751312
-0.078676 0.042639 0.995988 -0.016605 0.998890 -0.044075 -0.996762 -0.020006 -0.077881 215.004227 -8.429041 171.695733
-0.080053 0.042743 0.995874 -0.017067 0.998875 -0.044244 -0.996644 -0.020539 -0.079233 215.511338 -8.449742 171.654762
-0.090831 0.042378 0.994964 -0.016823 0.998886 -0.044080 -0.995724 -0.020742 -0.090017 216.007916 -8.468868 171.602796
-0.097966 0.041820 0.994311 -0.017160 0.998897 -0.043703 -0.995042 -0.021344 -0.097141 216.512209 -8.488631 171.549392
-0.108457 0.042137 0.993208 -0.017420 0.998867 -0.044279 -0.993948 -0.022104 -0.107600 217.041984 -8.510022 171.486526
-0.108826 0.042901 0.993135 -0.017145 0.998839 -0.045026 -0.993913 -0.021927 -0.107964 217.445174 -8.527003 171.441356
-0.115151 0.042955 0.992419 -0.016379 0.998847 -0.045134 -0.993213 -0.021452 -0.114314 217.868897 -8.544373 171.386470
-0.113280 0.043940 0.992591 -0.016384 0.998803 -0.046084 -0.993428 -0.021483 -0.112425 218.417289 -8.566790 171.324450
-0.109505 0.044108 0.993007 -0.016916 0.998788 -0.046231 -0.993842 -0.021860 -0.108626 218.931042 -8.588292 171.270340
-0.119685 0.044505 0.991814 -0.016644 0.998764 -0.046826 -0.992672 -0.022112 -0.118796 219.465664 -8.611174 171.199916
-0.132526 0.044809 0.990166 -0.016401 0.998742 -0.047392 -0.991044 -0.022521 -0.131625 219.859199 -8.629142 171.138288
-0.127397 0.044972 0.990832 -0.016977 0.998726 -0.047513 -0.991706 -0.022874 -0.126471 220.373087 -8.651907 171.075474
-0.132280 0.045637 0.990161 -0.016836 0.998692 -0.048279 -0.991069 -0.023057 -0.131339 220.825270 -8.671715 171.011886
-0.142095 0.045722 0.988797 -0.016128 0.998693 -0.048497 -0.989722 -0.022839 -0.141171 221.361029 -8.695997 170.928311
-0.149815 0.046227 0.987633 -0.015644 0.998671 -0.049116 -0.988590 -0.022809 -0.148893 221.711014 -8.712202 170.868953
-0.145718 0.045765 0.988267 -0.016446 0.998679 -0.048672 -0.989189 -0.023345 -0.144773 222.187427 -8.734353 170.802004
-0.148518 0.045801 0.987848 -0.017342 0.998653 -0.048909 -0.988758 -0.024395 -0.147524 222.623326 -8.754716 170.736502
-0.146058 0.046335 0.988190 -0.017944 0.998614 -0.049476 -0.989113 -0.024959 -0.145024 223.053031 -8.775185 170.675467
-0.154042 0.045735 0.987005 -0.018264 0.998626 -0.049123 -0.987896 -0.025593 -0.152995 223.395710 -8.791098 170.616552
-0.169694 0.045483 0.984447 -0.017469 0.998639 -0.049149 -0.985342 -0.025538 -0.168668 223.736187 -8.808254 170.545220
-0.175607 0.045305 0.983417 -0.017485 0.998639 -0.049128 -0.984305 -0.025822 -0.174575 224.118036 -8.826465 170.472737
-0.169634 0.045713 0.984446 -0.018331 0.998604 -0.049529 -0.985337 -0.026447 -0.168559 224.603532 -8.849415 170.393974
-0.179172 0.045591 0.982761 -0.018511 0.998593 -0.049700 -0.983644 -0.027097 -0.178076 225.001248 -8.868513 170.315625
-0.180843 0.044930 0.982485 -0.018500 0.998624 -0.049073 -0.983338 -0.027050 -0.179763 225.435519 -8.889226 170.234311
-0.189338 0.044592 0.980899 -0.018176 0.998638 -0.048907 -0.981744 -0.027089 -0.188270 225.738795 -8.903734 170.168508
-0.197064 0.044193 0.979394 -0.018167 0.998647 -0.048717 -0.980222 -0.027393 -0.195994 226.189916 -8.924638 170.072531
-0.197103 0.043858 0.979401 -0.018307 0.998660 -0.048404 -0.980212 -0.027470 -0.196036 226.601342 -8.943443 169.989487
-0.205129 0.044124 0.977740 -0.017657 0.998654 -0.048772 -0.978576 -0.027269 -0.204073 226.994970 -8.962917 169.900474
-0.203922 0.044002 0.977998 -0.018202 0.998646 -0.048727 -0.978818 -0.027738 -0.202845 227.417919 -8.983449 169.813977
-0.205139 0.044341 0.977728 -0.017696 0.998642 -0.049002 -0.978573 -0.027354 -0.204076 227.853305 -9.003509 169.720732
-0.208572 0.043816 0.977025 -0.018436 0.998642 -0.048721 -0.977833 -0.028175 -0.207481 228.406453 -9.028390 169.601940
-0.213931 0.043962 0.975859 -0.017786 0.998646 -0.048888 -0.976687 -0.027815 -0.212859 228.902387 -9.051487 169.488983
-0.214900 0.044480 0.975623 -0.017542 0.998625 -0.049392 -0.976479 -0.027728 -0.213824 229.482943 -9.078475 169.360154
-0.220032 0.044665 0.974470 -0.017019 0.998623 -0.049615 -0.975344 -0.027502 -0.218969 230.104038 -9.117235 169.217942
-0.224001 0.044887 0.973555 -0.017185 0.998602 -0.049996 -0.974437 -0.027929 -0.222917 230.796166 -9.158846 169.058762
-0.232269 0.044693 0.971624 -0.016992 0.998605 -0.049996 -0.972503 -0.028122 -0.231186 231.261964 -9.182278 168.941974
-0.240825 0.044953 0.969527 -0.016269 0.998600 -0.050342 -0.970432 -0.027897 -0.239756 231.724881 -9.204953 168.820521
-0.236567 0.045456 0.970551 -0.016805 0.998564 -0.050865 -0.971470 -0.028343 -0.235463 232.309681 -9.231622 168.680601
-0.244103 0.045422 0.968685 -0.016693 0.998558 -0.051029 -0.969606 -0.028626 -0.242993 232.731790 -9.252626 168.569096
-0.264074 0.045531 0.963427 -0.015448 0.998557 -0.051425 -0.964379 -0.028463 -0.262990 233.147449 -9.274122 168.439917
-0.267782 0.045605 0.962399 -0.014813 0.998566 -0.051441 -0.963366 -0.028032 -0.266723 233.897485 -9.320967 168.230097
-0.265808 0.045969 0.962929 -0.015018 0.998544 -0.051815 -0.963909 -0.028234 -0.264731 234.578830 -9.364212 168.044168
-0.269318 0.045890 0.961957 -0.015624 0.998524 -0.052009 -0.962925 -0.029036 -0.268204 235.119463 -9.390335 167.891893
-0.264535 0.046306 0.963264 -0.016308 0.998489 -0.052478 -0.964238 -0.029591 -0.263380 235.665853 -9.416428 167.744958
-0.262770 0.046667 0.963729 -0.016384 0.998470 -0.052816 -0.964719 -0.029668 -0.261604 236.351037 -9.460632 167.560198
-0.263691 0.046618 0.963480 -0.016317 0.998473 -0.052777 -0.964469 -0.029638 -0.262527 237.217985 -9.524196 167.325227
-0.273076 0.046300 0.960878 -0.016152 0.998480 -0.052702 -0.961857 -0.029912 -0.271913 237.824697 -9.565011 167.149653
-0.271439 0.046019 0.961355 -0.015997 0.998503 -0.052314 -0.962323 -0.029579 -0.270296 238.424129 -9.594265 166.980323
-0.269039 0.045373 0.962060 -0.016303 0.998532 -0.051653 -0.962991 -0.029581 -0.267904 239.015882 -9.623885 166.816103
-0.278811 0.045631 0.959261 -0.015575 0.998524 -0.052026 -0.960220 -0.029445 -0.277689 239.477637 -9.646386 166.674696
-0.288333 0.046415 0.956405 -0.014846 0.998488 -0.052933 -0.957415 -0.029461 -0.287208 239.945670 -9.669730 166.526512
-0.288523 0.046600 0.956338 -0.014630 0.998484 -0.053067 -0.957361 -0.029302 -0.287404 240.546933 -9.700297 166.344448
-0.284842 0.047076 0.957418 -0.014713 0.998461 -0.053471 -0.958462 -0.029318 -0.283711 241.135374 -9.728906 166.170476
-0.293942 0.047375 0.954648 -0.014034 0.998449 -0.053870 -0.955720 -0.029232 -0.292821 241.818027 -9.774157 165.957184
-0.291959 0.047268 0.955262 -0.014002 0.998460 -0.053685 -0.956328 -0.029050 -0.290848 242.555288 -9.821472 165.733136
-0.292845 0.047441 0.954982 -0.014245 0.998441 -0.053969 -0.956054 -0.029409 -0.291712 243.342082 -9.872155 165.493322
-0.291214 0.047520 0.955477 -0.014689 0.998426 -0.054133 -0.956545 -0.029799 -0.290057 244.064838 -9.919584 165.275599
-0.292499 0.047177 0.955101 -0.015612 0.998414 -0.054097 -0.956138 -0.030734 -0.291299 244.656784 -9.950631 165.095567
-0.299847 0.047022 0.952828 -0.015958 0.998398 -0.054293 -0.953854 -0.031485 -0.298616 245.233922 -9.980035 164.911059
-0.311774 0.046525 0.949016 -0.015393 0.998422 -0.054004 -0.950032 -0.031445 -0.310566 245.764667 -10.008895 164.729320
-0.309759 0.047052 0.949650 -0.015909 0.998379 -0.054656 -0.950682 -0.032038 -0.308508 246.381617 -10.041250 164.529676
-0.305706 0.047230 0.950954 -0.015792 0.998380 -0.054662 -0.951995 -0.031728 -0.304465 247.012559 -10.073958 164.328002
-0.306592 0.048030 0.950628 -0.015393 0.998345 -0.055405 -0.951717 -0.031620 -0.305345 247.571175 -10.102920 164.146577
-0.303875 0.048749 0.951464 -0.015601 0.998301 -0.056132 -0.952584 -0.031901 -0.302598 248.185685 -10.135013 163.951509
-0.304480 0.049079 0.951254 -0.015894 0.998271 -0.056593 -0.952386 -0.032351 -0.303173 248.792100 -10.167692 163.757650
-0.305304 0.048377 0.951025 -0.015622 0.998320 -0.055798 -0.952127 -0.031892 -0.304035 249.517583 -10.207246 163.523461
-0.310842 0.047825 0.949258 -0.015444 0.998347 -0.055356 -0.950336 -0.031868 -0.309590 250.063923 -10.236534 163.341168
-0.318756 0.047841 0.946629 -0.015016 0.998345 -0.055511 -0.947718 -0.031909 -0.317510 250.634690 -10.266667 163.144151
-0.334906 0.047970 0.941030 -0.013605 0.998353 -0.055734 -0.942153 -0.031469 -0.333702 251.127092 -10.294728 162.957339
-0.333084 0.048412 0.941653 -0.014130 0.998313 -0.056323 -0.942791 -0.032066 -0.331838 251.709951 -10.326456 162.752555
-0.337919 0.048388 0.939931 -0.013908 0.998312 -0.056393 -0.941073 -0.032129 -0.336675 252.268642 -10.357587 162.548889
-0.339430 0.048792 0.939365 -0.013633 0.998294 -0.056778 -0.940532 -0.032078 -0.338186 252.803711 -10.386620 162.354097
-0.347966 0.048723 0.936240 -0.012676 0.998313 -0.056665 -0.937421 -0.031585 -0.346761 253.386915 -10.420134 162.131310
-0.344913 0.048855 0.937362 -0.012524 0.998316 -0.056640 -0.938551 -0.031276 -0.343721 253.959611 -10.451457 161.921296
-0.347093 0.048344 0.936584 -0.012397 0.998347 -0.056126 -0.937749 -0.031092 -0.345920 254.566930 -10.484862 161.694458
-0.350267 0.048288 0.935404 -0.012200 0.998350 -0.056106 -0.936570 -0.031063 -0.349100 255.209894 -10.520595 161.451864
-0.348932 0.047852 0.935926 -0.012566 0.998367 -0.055729 -0.937064 -0.031206 -0.347761 255.875477 -10.557070 161.204588
-0.350088 0.048648 0.935453 -0.012575 0.998316 -0.056623 -0.936632 -0.031587 -0.348887 256.572161 -10.595251 160.943528
-0.348162 0.048969 0.936155 -0.013179 0.998280 -0.057120 -0.937342 -0.032224 -0.346918 257.242638 -10.632206 160.695943
-0.354445 0.049037 0.933790 -0.013082 0.998266 -0.057388 -0.934985 -0.032556 -0.353189 257.738390 -10.660470 160.503960
-0.364503 0.049373 0.929892 -0.012104 0.998258 -0.057748 -0.931124 -0.032304 -0.363270 258.272927 -10.691353 160.287314
-0.362208 0.048857 0.930816 -0.012276 0.998289 -0.057175 -0.932016 -0.032136 -0.360989 258.920610 -10.727837 160.036104
-0.362987 0.048999 0.930505 -0.013011 0.998253 -0.057642 -0.931703 -0.033030 -0.361715 259.505928 -10.761598 159.809162
-0.363339 0.049609 0.930335 -0.012444 0.998234 -0.058090 -0.931574 -0.032683 -0.362079 260.002855 -10.789992 159.613973
-0.370496 0.049950 0.927490 -0.012470 0.998195 -0.058739 -0.928750 -0.033328 -0.369204 260.586727 -10.823337 159.377475
-0.368774 0.050109 0.928167 -0.013196 0.998163 -0.059131 -0.929425 -0.034054 -0.367435 261.229845 -10.860229 159.123717
-0.368158 0.049735 0.928432 -0.013420 0.998180 -0.058793 -0.929666 -0.034105 -0.366821 261.798213 -10.894031 158.898755
-0.372599 0.049327 0.926681 -0.013619 0.998188 -0.058609 -0.927893 -0.034458 -0.371252 262.407123 -10.929663 158.652162
-0.372202 0.049630 0.926824 -0.013029 0.998192 -0.058684 -0.928060 -0.033918 -0.370882 263.067766 -10.967849 158.385448
-0.381320 0.050129 0.923083 -0.012501 0.998158 -0.059370 -0.924359 -0.034179 -0.379991 263.577264 -10.998072 158.168981
-0.388933 0.049958 0.919911 -0.012392 0.998155 -0.059447 -0.921183 -0.034520 -0.387596 264.131811 -11.030683 157.930175
-0.388172 0.050281 0.920214 -0.011767 0.998159 -0.059504 -0.921512 -0.033925 -0.386866 264.779438 -11.068919 157.655732
-0.398342 0.049878 0.915880 -0.010884 0.998193 -0.059094 -0.917172 -0.033508 -0.397080 265.319452 -11.101907 157.413828
-0.406451 0.050073 0.912299 -0.010124 0.998189 -0.059298 -0.913616 -0.033338 -0.405208 265.837603 -11.133322 157.176763
-0.415215 0.050369 0.908328 -0.009461 0.998173 -0.059676 -0.909674 -0.033372 -0.413980 266.377319 -11.166642 156.924380
-0.412003 0.050478 0.909783 -0.009219 0.998182 -0.059558 -0.911136 -0.032926 -0.410789 266.961594 -11.201407 156.660134
-0.410545 0.050578 0.910437 -0.009594 0.998166 -0.059778 -0.911790 -0.033276 -0.409307 267.526503 -11.235015 156.406506
-0.417795 0.051086 0.907104 -0.008870 0.998141 -0.060299 -0.908498 -0.033239 -0.416565 267.983323 -11.263866 156.190116
-0.417794 0.051481 0.907082 -0.008914 0.998113 -0.060753 -0.908498 -0.033468 -0.416547 268.719892 -11.319046 155.852179
-0.423446 0.051424 0.904461 -0.008932 0.998102 -0.060929 -0.905877 -0.033879 -0.422183 269.381859 -11.369698 155.541597
-0.431806 0.050989 0.900524 -0.008571 0.998124 -0.060625 -0.901926 -0.033897 -0.430559 269.920295 -11.403486 155.278007
-0.428202 0.051220 0.902230 -0.008563 0.998118 -0.060728 -0.903642 -0.033730 -0.426958 270.520192 -11.440551 154.994282
-0.427768 0.051029 0.902447 -0.008395 0.998138 -0.060419 -0.903849 -0.033421 -0.426544 271.278411 -11.497666 154.635753
-0.428789 0.050823 0.901974 -0.008719 0.998137 -0.060387 -0.903363 -0.033758 -0.427547 272.001060 -11.552216 154.293663
-0.433097 0.050328 0.899941 -0.009252 0.998139 -0.060272 -0.901300 -0.034430 -0.431826 272.593359 -11.588248 154.007389
-0.437668 0.050285 0.897729 -0.009604 0.998116 -0.060591 -0.899085 -0.035141 -0.436361 273.151647 -11.622624 153.733517
-0.446061 0.050329 0.893586 -0.008865 0.998120 -0.060642 -0.894959 -0.034971 -0.444776 273.667997 -11.655541 153.469409
-0.443101 0.050024 0.895075 -0.009634 0.998119 -0.060552 -0.896420 -0.035454 -0.441786 274.263385 -11.692717 153.177099
-0.443752 0.051048 0.894694 -0.009511 0.998052 -0.061662 -0.896099 -0.035872 -0.442402 274.800732 -11.726041 152.910236
-0.440846 0.050877 0.896140 -0.010446 0.998034 -0.061800 -0.897522 -0.036605 -0.439448 275.410518 -11.764448 152.613122
-0.436603 0.051317 0.898189 -0.010778 0.998002 -0.062259 -0.899590 -0.036863 -0.435178 275.991421 -11.800464 152.333347
-0.437508 0.051275 0.897752 -0.010890 0.997998 -0.062307 -0.899149 -0.037037 -0.436073 276.644146 -11.842681 152.015397
-0.439686 0.050836 0.896712 -0.011189 0.998009 -0.062065 -0.898082 -0.037322 -0.438242 277.365796 -11.899526 151.662975
-0.440187 0.051124 0.896450 -0.010856 0.998002 -0.062246 -0.897840 -0.037132 -0.438752 277.990560 -11.949846 151.356572
-0.438914 0.051637 0.897044 -0.010499 0.997984 -0.062585 -0.898468 -0.036888 -0.437487 278.554199 -11.986545 151.080571
-0.435126 0.051974 0.898868 -0.010871 0.997956 -0.062966 -0.900304 -0.037170 -0.433672 279.147716 -12.023888 150.795393
-0.436065 0.051713 0.898428 -0.010818 0.997974 -0.062694 -0.899850 -0.037058 -0.434622 279.717322 -12.060643 150.518464
-0.433499 0.051352 0.899690 -0.011221 0.997990 -0.062370 -0.901084 -0.037132 -0.432051 280.354922 -12.101496 150.212957
-0.434685 0.050684 0.899155 -0.011244 0.998032 -0.061693 -0.900512 -0.036927 -0.433260 280.894777 -12.136360 149.951198
-0.444571 0.051310 0.894273 -0.010125 0.998006 -0.062295 -0.895687 -0.036749 -0.443165 281.371083 -12.166528 149.706348
-0.442249 0.050595 0.895464 -0.010457 0.998049 -0.061555 -0.896831 -0.036586 -0.440857 281.964601 -12.204536 149.414464
-0.441175 0.050453 0.896002 -0.010762 0.998049 -0.061498 -0.897357 -0.036775 -0.439771 282.608673 -12.245349 149.098026
-0.439905 0.050677 0.896613 -0.010883 0.998032 -0.061749 -0.897979 -0.036922 -0.438488 283.245258 -12.285067 148.786077
-0.442447 0.050195 0.895389 -0.010489 0.998074 -0.061135 -0.896733 -0.036441 -0.441069 283.810530 -12.321178 148.504702
-0.441861 0.050019 0.895688 -0.011360 0.998052 -0.061339 -0.897012 -0.037278 -0.440432 284.425724 -12.359813 148.202970
-0.454619 0.049621 0.889303 -0.011113 0.998053 -0.061370 -0.890617 -0.037783 -0.453183 284.934001 -12.392967 147.935487
-0.449484 0.050101 0.891882 -0.011261 0.998029 -0.061740 -0.893217 -0.037795 -0.448034 285.452220 -12.425728 147.676953
-0.443717 0.050212 0.894759 -0.011968 0.998008 -0.061941 -0.896087 -0.038193 -0.442232 286.013670 -12.460724 147.402463
-0.444575 0.049794 0.894356 -0.012302 0.998020 -0.061681 -0.895657 -0.038424 -0.443082 286.745035 -12.517925 147.040809
-0.449244 0.049242 0.892051 -0.012403 0.998040 -0.061339 -0.893323 -0.038620 -0.447753 287.374330 -12.568306 146.723770
-0.447083 0.049403 0.893127 -0.012671 0.998024 -0.061548 -0.894403 -0.038834 -0.445573 287.925476 -12.603407 146.449237
-0.447606 0.049841 0.892841 -0.013096 0.997973 -0.062275 -0.894135 -0.039567 -0.446046 288.538858 -12.642146 146.142388
-0.456033 0.049733 0.888572 -0.012727 0.997971 -0.062388 -0.889872 -0.039760 -0.454475 289.056472 -12.676302 145.871514
-0.455917 0.050035 0.888615 -0.012748 0.997949 -0.062732 -0.889931 -0.039929 -0.454344 289.620694 -12.712537 145.581929
-0.453982 0.049263 0.889648 -0.012929 0.998001 -0.061860 -0.890917 -0.039586 -0.452438 290.237581 -12.752691 145.268027
-0.462259 0.049491 0.885363 -0.012404 0.997983 -0.062262 -0.886658 -0.039763 -0.460713 290.720360 -12.784683 145.010035
-0.458169 0.048805 0.887524 -0.013117 0.998011 -0.061652 -0.888768 -0.039889 -0.456618 291.286987 -12.821105 144.720510
-0.474443 0.048577 0.878945 -0.012265 0.998015 -0.061778 -0.880201 -0.040090 -0.472906 291.753957 -12.852428 144.457114
-0.472579 0.048686 0.879942 -0.012518 0.998001 -0.061940 -0.881199 -0.040287 -0.471026 292.320515 -12.889271 144.154120
-0.484567 0.047954 0.873439 -0.011866 0.998044 -0.061378 -0.874674 -0.040106 -0.483050 292.756803 -12.918664 143.902830
-0.481367 0.047534 0.875229 -0.012328 0.998063 -0.060986 -0.876432 -0.040146 -0.479848 293.341736 -12.955814 143.583000
-0.483055 0.047847 0.874282 -0.012287 0.998037 -0.061409 -0.875504 -0.040407 -0.481519 293.850039 -12.988662 143.301369
-0.483536 0.047495 0.874035 -0.012292 0.998060 -0.061034 -0.875238 -0.040256 -0.482014 294.525712 -13.042688 142.929293
-0.484371 0.047455 0.873575 -0.012217 0.998064 -0.060991 -0.874778 -0.040214 -0.482853 295.311912 -13.113644 142.496043
-0.491418 0.047716 0.869616 -0.011726 0.998045 -0.061389 -0.870845 -0.040365 -0.489898 295.828417 -13.157756 142.200898
-0.489367 0.047596 0.870778 -0.012154 0.998040 -0.061383 -0.871993 -0.040622 -0.487829 296.469991 -13.209667 141.843359
-0.487364 0.047864 0.871886 -0.012091 0.998031 -0.061548 -0.873115 -0.040539 -0.485825 297.119383 -13.262188 141.482339
-0.493100 0.047909 0.868652 -0.012226 0.998002 -0.061984 -0.869887 -0.041184 -0.491529 297.594752 -13.293026 141.209566
-0.491115 0.047692 0.869788 -0.012709 0.998002 -0.061899 -0.871002 -0.041454 -0.489527 298.142291 -13.329171 140.902368
-0.495604 0.048473 0.867195 -0.011733 0.997977 -0.062489 -0.868469 -0.041144 -0.494033 298.637636 -13.361764 140.614752
-0.496893 0.048549 0.866453 -0.011668 0.997970 -0.062610 -0.867733 -0.041220 -0.495318 299.150122 -13.395930 140.320104
-0.504663 0.047775 0.861994 -0.011485 0.998008 -0.062037 -0.863240 -0.041207 -0.503108 299.665884 -13.430523 140.013114
-0.505239 0.048377 0.861622 -0.011655 0.997954 -0.062866 -0.862901 -0.041804 -0.503642 300.300236 -13.473174 139.641503
-0.503581 0.048427 0.862590 -0.011343 0.997971 -0.062649 -0.863873 -0.041334 -0.502010 300.937741 -13.515783 139.268917
-0.503345 0.048350 0.862732 -0.010924 0.997997 -0.062305 -0.864016 -0.040785 -0.501809 301.546086 -13.556353 138.912985
-0.503723 0.048805 0.862485 -0.010844 0.997967 -0.062804 -0.863797 -0.040988 -0.502170 302.238877 -13.612803 138.509678
-0.502578 0.048884 0.863149 -0.010703 0.997972 -0.062751 -0.864466 -0.040775 -0.501035 302.872788 -13.665362 138.142035
-0.512705 0.049005 0.857165 -0.010313 0.997946 -0.063223 -0.858503 -0.041255 -0.511146 303.358335 -13.699952 137.845044
-0.509908 0.048288 0.858873 -0.011132 0.997969 -0.062717 -0.860157 -0.041541 -0.508335 303.979962 -13.741631 137.478210
-0.507855 0.048166 0.860095 -0.011150 0.997985 -0.062471 -0.861370 -0.041316 -0.506295 304.622077 -13.783780 137.099726
-0.514976 0.047838 0.855869 -0.010421 0.998018 -0.062054 -0.857142 -0.040876 -0.513457 305.163436 -13.820950 136.768673
-0.515497 0.047394 0.855580 -0.010094 0.998064 -0.061369 -0.856832 -0.040271 -0.514021 305.803981 -13.864039 136.381385
-0.514800 0.047270 0.856006 -0.010639 0.998050 -0.061512 -0.857245 -0.040773 -0.513293 306.343462 -13.899756 136.058211
-0.517254 0.047467 0.854514 -0.010412 0.998038 -0.061743 -0.855769 -0.040834 -0.515745 306.808851 -13.930489 135.774711
-0.515519 0.047425 0.855565 -0.010727 0.998032 -0.061786 -0.856811 -0.041030 -0.513995 307.291692 -13.962926 135.485224
-0.519631 0.048134 0.853034 -0.010587 0.997972 -0.062762 -0.854325 -0.041644 -0.518068 307.743215 -13.992546 135.207447
-0.521677 0.047773 0.851805 -0.010922 0.997975 -0.062660 -0.853073 -0.041991 -0.520099 308.378046 -14.045930 134.820172
-0.528115 0.048070 0.847811 -0.010107 0.997970 -0.062879 -0.849113 -0.041776 -0.526557 308.996162 -14.098573 134.432515
-0.533762 0.048381 0.844249 -0.009255 0.997968 -0.063041 -0.845584 -0.041462 -0.532230 309.501609 -14.133522 134.107898
-0.543610 0.048638 0.837927 -0.008277 0.997960 -0.063297 -0.839297 -0.041345 -0.542099 309.961680 -14.166686 133.800818
-0.540818 0.049439 0.839685 -0.008411 0.997903 -0.064172 -0.841097 -0.041768 -0.539269 310.518010 -14.204758 133.443945
-0.554075 0.049456 0.830996 -0.007109 0.997916 -0.064130 -0.832436 -0.041441 -0.552569 310.991009 -14.240260 133.117973
-0.561789 0.049863 0.825776 -0.006853 0.997867 -0.064917 -0.827252 -0.042129 -0.560249 311.422506 -14.271095 132.818327
-0.560464 0.049586 0.826693 -0.007178 0.997878 -0.064720 -0.828147 -0.042207 -0.558919 311.944376 -14.309134 132.465731
-0.562552 0.049599 0.825273 -0.006706 0.997892 -0.064544 -0.826734 -0.041844 -0.561034 312.551731 -14.363435 132.051373
-0.567777 0.049820 0.821673 -0.005951 0.997892 -0.064617 -0.823161 -0.041577 -0.566284 313.111731 -14.414285 131.661659
-0.568620 0.050293 0.821062 -0.005555 0.997872 -0.064971 -0.822582 -0.041505 -0.567130 313.748053 -14.470842 131.221225
-0.570033 0.049947 0.820103 -0.005975 0.997872 -0.064927 -0.821600 -0.041910 -0.568521 314.285917 -14.520992 130.849047
-0.573426 0.050019 0.817729 -0.005571 0.997873 -0.064945 -0.819238 -0.041797 -0.571928 314.728053 -14.554197 130.535703
-0.578154 0.049980 0.814396 -0.005221 0.997875 -0.064946 -0.815911 -0.041801 -0.576664 315.157060 -14.585422 130.226717
-0.580709 0.050070 0.812570 -0.005119 0.997863 -0.065146 -0.814095 -0.041991 -0.579212 315.642599 -14.621706 129.878111
-0.591119 0.050084 0.805028 -0.004091 0.997871 -0.065085 -0.806574 -0.041766 -0.589656 316.035159 -14.652503 129.579621
-0.589051 0.050279 0.806530 -0.004045 0.997867 -0.065162 -0.808086 -0.041646 -0.587591 316.485790 -14.686164 129.251297
-0.589108 0.050246 0.806490 -0.003766 0.997883 -0.064921 -0.808045 -0.041282 -0.587672 317.132039 -14.744471 128.779656
-0.589878 0.050212 0.805930 -0.003687 0.997887 -0.064870 -0.807484 -0.041236 -0.588446 317.857392 -14.818925 128.251289
-0.598774 0.050255 0.799340 -0.003084 0.997877 -0.065047 -0.800912 -0.041414 -0.597348 318.383712 -14.869098 127.852304
-0.600653 0.049612 0.797969 -0.003671 0.997891 -0.064805 -0.799501 -0.041855 -0.599205 318.840782 -14.903855 127.507975
-0.598379 0.049734 0.799668 -0.003713 0.997889 -0.064840 -0.801204 -0.041768 -0.596931 319.357577 -14.942175 127.121977
-0.606385 0.049303 0.793641 -0.003432 0.997904 -0.064615 -0.795164 -0.041906 -0.604945 319.785348 -14.975375 126.788410
-0.603949 0.049519 0.795483 -0.003825 0.997877 -0.065022 -0.797014 -0.042312 -0.602477 320.200182 -15.007682 126.475931
-0.608657 0.049984 0.791857 -0.003379 0.997841 -0.065584 -0.793426 -0.042594 -0.607174 320.562173 -15.035885 126.192435
-0.618674 0.050598 0.784017 -0.002274 0.997804 -0.066190 -0.785644 -0.042733 -0.617201 320.986258 -15.070068 125.848098
-0.618437 0.050675 0.784199 -0.002984 0.997760 -0.066829 -0.785829 -0.043670 -0.616900 321.371585 -15.100850 125.546056
-0.617768 0.050472 0.784739 -0.003000 0.997780 -0.066536 -0.786355 -0.043458 -0.616245 321.929676 -15.155334 125.108441
-0.618635 0.050385 0.784061 -0.003399 0.997761 -0.066800 -0.785671 -0.043990 -0.617079 322.462879 -15.208151 124.689864
-0.624340 0.050170 0.779540 -0.003160 0.997765 -0.066745 -0.781147 -0.044135 -0.622786 322.818964 -15.238091 124.399215
-0.634846 0.050256 0.771003 -0.002128 0.997765 -0.066790 -0.772636 -0.044042 -0.633320 323.140793 -15.265657 124.121635
-0.638773 0.050059 0.767765 -0.002289 0.997753 -0.066960 -0.769391 -0.044530 -0.637224 323.466564 -15.292463 123.847160
-0.646698 0.050144 0.761096 -0.001406 0.997757 -0.066931 -0.762745 -0.044354 -0.645177 323.894732 -15.328073 123.474957
-0.646862 0.049978 0.760968 -0.001757 0.997750 -0.067023 -0.762605 -0.044692 -0.645319 324.505926 -15.387992 122.957516
-0.651828 0.049722 0.756735 -0.001290 0.997774 -0.066671 -0.758365 -0.044435 -0.650313 324.976339 -15.436909 122.549239
-0.658708 0.049574 0.750764 -0.000511 0.997797 -0.066334 -0.752398 -0.044078 -0.657232 325.380687 -15.470642 122.186311
-0.655441 0.049019 0.753654 -0.001017 0.997833 -0.065786 -0.755246 -0.043885 -0.653971 325.786780 -15.503304 121.835890
-0.657245 0.049833 0.752027 -0.000650 0.997774 -0.066686 -0.753676 -0.044318 -0.655750 326.169058 -15.534201 121.499498
-0.659930 0.050095 0.749655 -0.000788 0.997728 -0.067365 -0.751327 -0.045047 -0.658391 326.500143 -15.561061 121.205479
-0.662769 0.050405 0.747125 -0.000180 0.997721 -0.067472 -0.748824 -0.044853 -0.661250 326.821187 -15.588515 120.916145
-0.670362 0.050289 0.740328 0.000115 0.997708 -0.067669 -0.742034 -0.045277 -0.668831 327.156267 -15.619036 120.604654
-0.668193 0.050701 0.742258 -0.000212 0.997662 -0.068337 -0.743988 -0.045819 -0.666621 327.607217 -15.656812 120.201061
-0.684873 0.050559 0.726906 0.001240 0.997669 -0.068223 -0.728661 -0.045823 -0.683339 327.922786 -15.687033 119.882946
-0.690460 0.049691 0.721662 0.001192 0.997715 -0.067559 -0.723370 -0.045787 -0.688941 328.240930 -15.715419 119.572300
-0.690493 0.050353 0.721585 0.001510 0.997672 -0.068173 -0.723338 -0.045983 -0.688962 328.600422 -15.747003 119.227031
-0.692924 0.050297 0.719255 0.001655 0.997672 -0.068172 -0.721009 -0.046047 -0.691394 328.967469 -15.778895 118.870491
-0.693861 0.050235 0.718354 0.001478 0.997661 -0.068339 -0.720107 -0.046357 -0.692313 329.331032 -15.811315 118.518664
-0.693070 0.050069 0.719130 0.001520 0.997684 -0.067998 -0.720869 -0.046034 -0.691541 329.893799 -15.870940 117.977598
-0.692502 0.050018 0.719679 0.001098 0.997666 -0.068281 -0.721415 -0.046494 -0.690941 330.380283 -15.924473 117.512235
-0.698245 0.049725 0.714130 0.001461 0.997682 -0.068040 -0.715858 -0.046465 -0.696698 330.627758 -15.947215 117.261593
-0.699498 0.049174 0.712941 0.001151 0.997706 -0.067687 -0.714634 -0.046526 -0.697950 331.132111 -16.002300 116.768050
-0.706562 0.048912 0.705959 0.001492 0.997709 -0.067632 -0.707649 -0.046733 -0.705017 331.559050 -16.051049 116.335954
-0.710975 0.048850 0.701519 0.001752 0.997704 -0.067699 -0.703216 -0.046904 -0.709428 331.833186 -16.075618 116.051837
-0.709794 0.048484 0.702739 0.001296 0.997717 -0.067526 -0.704408 -0.047019 -0.708236 332.319412 -16.129823 115.564037
-0.718163 0.048379 0.694191 0.002064 0.997724 -0.067398 -0.695871 -0.046970 -0.716629 332.783061 -16.183259 115.078326
-0.725573 0.048414 0.686440 0.002942 0.997731 -0.067260 -0.688139 -0.046783 -0.724069 333.094214 -16.212843 114.738245
-0.726867 0.048659 0.685052 0.003153 0.997713 -0.067523 -0.686771 -0.046920 -0.725358 333.511128 -16.261536 114.295598
-0.726521 0.048370 0.685439 0.002961 0.997730 -0.067269 -0.687138 -0.046843 -0.725016 333.957345 -16.313589 113.824652
-0.726728 0.048790 0.685190 0.003140 0.997700 -0.067712 -0.686918 -0.047057 -0.725210 334.205772 -16.337962 113.560257
-0.728387 0.048909 0.683418 0.003043 0.997670 -0.068155 -0.685159 -0.047563 -0.726839 334.637822 -16.388308 113.100319
-0.732820 0.048686 0.678678 0.003030 0.997660 -0.068297 -0.680416 -0.047993 -0.731253 335.062183 -16.438010 112.640084
-0.730784 0.048763 0.680865 0.002895 0.997658 -0.068344 -0.682603 -0.047973 -0.729213 335.359998 -16.467217 112.322877
-0.737782 0.048986 0.673260 0.003549 0.997631 -0.068698 -0.675030 -0.048295 -0.736208 335.620663 -16.494325 112.026334
-0.737357 0.048926 0.673729 0.003319 0.997624 -0.068815 -0.675495 -0.048505 -0.735767 335.899076 -16.522083 111.722573
-0.744220 0.048734 0.666154 0.003545 0.997609 -0.069022 -0.667925 -0.049006 -0.742614 336.177874 -16.549529 111.401541
-0.755350 0.048757 0.653505 0.004329 0.997578 -0.069424 -0.655307 -0.049611 -0.753732 336.373508 -16.570201 111.155886
-0.755251 0.048755 0.653620 0.004003 0.997554 -0.069785 -0.655424 -0.050089 -0.753598 336.657892 -16.599491 110.828179
-0.761700 0.048552 0.646108 0.004712 0.997577 -0.069409 -0.647913 -0.049824 -0.760083 336.881554 -16.624034 110.552473
-0.769061 0.048440 0.637337 0.005201 0.997565 -0.069542 -0.639154 -0.050168 -0.767441 337.107256 -16.649025 110.267245
-0.775221 0.048538 0.629823 0.005968 0.997562 -0.069532 -0.631663 -0.050144 -0.773620 337.487856 -16.698589 109.792114
-0.775904 0.048713 0.628968 0.005902 0.997531 -0.069977 -0.630824 -0.050583 -0.774276 337.881709 -16.750118 109.307443
-0.776509 0.048444 0.628242 0.005118 0.997492 -0.070591 -0.630086 -0.051599 -0.774809 338.122704 -16.776812 109.011022
-0.781892 0.048388 0.621533 0.005784 0.997503 -0.070382 -0.623387 -0.051436 -0.780220 338.368249 -16.805335 108.691752
-0.786527 0.048281 0.615665 0.006164 0.997503 -0.070351 -0.617525 -0.051538 -0.784861 338.581043 -16.828877 108.410617
-0.788947 0.047924 0.612589 0.005591 0.997472 -0.070833 -0.614435 -0.052459 -0.787221 338.776641 -16.851249 108.156183
-0.801079 0.047599 0.596663 0.006627 0.997477 -0.070676 -0.598522 -0.052663 -0.799373 338.972693 -16.874951 107.867991
-0.806835 0.047595 0.588857 0.007361 0.997482 -0.070536 -0.590731 -0.052576 -0.805153 339.188733 -16.901752 107.559451
-0.814863 0.047776 0.577681 0.008246 0.997452 -0.070860 -0.579594 -0.052977 -0.813181 339.389545 -16.926809 107.258420
-0.824223 0.047266 0.564289 0.009003 0.997478 -0.070402 -0.566193 -0.052947 -0.822570 339.562698 -16.948839 106.983184
-0.824662 0.047004 0.563669 0.008839 0.997490 -0.070249 -0.565556 -0.052949 -0.823008 339.746751 -16.972529 106.712912
-0.824424 0.046794 0.564034 0.008500 0.997487 -0.070331 -0.565908 -0.053189 -0.822751 339.960019 -16.999314 106.402699
-0.825029 0.046444 0.563179 0.007878 0.997465 -0.070717 -0.565036 -0.053907 -0.823303 340.165099 -17.025007 106.102801
-0.823339 0.046103 0.565674 0.007072 0.997451 -0.071000 -0.567505 -0.054456 -0.821567 340.393019 -17.053332 105.776576
-0.828455 0.045743 0.558185 0.007247 0.997451 -0.070986 -0.560009 -0.054764 -0.826674 340.603065 -17.080088 105.454171
-0.828306 0.045919 0.558391 0.007106 0.997417 -0.071482 -0.560231 -0.055241 -0.826493 340.808074 -17.106385 105.150753
-0.831094 0.045677 0.554253 0.007045 0.997406 -0.071635 -0.556087 -0.055631 -0.829260 341.135735 -17.155819 104.657627
-0.833332 0.045328 0.550911 0.006931 0.997411 -0.071581 -0.552729 -0.055833 -0.831489 341.451463 -17.205086 104.178977
-0.842487 0.045085 0.536827 0.008047 0.997434 -0.071140 -0.538656 -0.055614 -0.840688 341.603601 -17.226107 103.914339
-0.840162 0.044840 0.540478 0.007293 0.997420 -0.071414 -0.542286 -0.056058 -0.838322 341.838328 -17.256404 103.555945
-0.837589 0.044816 0.544460 0.006897 0.997418 -0.071489 -0.546257 -0.056123 -0.835735 342.070103 -17.286783 103.205526
-0.841320 0.045075 0.538655 0.007229 0.997366 -0.072170 -0.540489 -0.056824 -0.839430 342.236150 -17.309365 102.936679
-0.841255 0.045344 0.538734 0.006984 0.997305 -0.073034 -0.540594 -0.057678 -0.839304 342.434398 -17.336125 102.628199
-0.846294 0.045224 0.530792 0.007670 0.997321 -0.072743 -0.532660 -0.057491 -0.844374 342.647523 -17.365607 102.275348
-0.847299 0.044354 0.529261 0.006822 0.997334 -0.072659 -0.531072 -0.057953 -0.845342 342.849269 -17.392791 101.952659
-0.852177 0.043779 0.521419 0.007083 0.997368 -0.072165 -0.523205 -0.057804 -0.850244 343.066926 -17.423462 101.585455
-0.860073 0.043813 0.508286 0.008274 0.997372 -0.071972 -0.510104 -0.057695 -0.858176 343.245136 -17.449344 101.260576
-0.870566 0.043698 0.490108 0.009502 0.997356 -0.072047 -0.491960 -0.058064 -0.868679 343.419446 -17.475661 100.920497
-0.873079 0.043237 0.485657 0.009125 0.997335 -0.072387 -0.487493 -0.058768 -0.871147 343.585015 -17.499481 100.617369
-0.881961 0.042747 0.469380 0.009926 0.997342 -0.072178 -0.471218 -0.059000 -0.880041 343.715329 -17.519974 100.341687
-0.885271 0.042712 0.463111 0.010465 0.997351 -0.071981 -0.464958 -0.058876 -0.883373 343.980464 -17.568914 99.827903
-0.884814 0.042411 0.464009 0.009990 0.997347 -0.072109 -0.465836 -0.059168 -0.882890 344.283522 -17.624035 99.254346
-0.887146 0.042489 0.459528 0.010081 0.997299 -0.072751 -0.461378 -0.059908 -0.885179 344.426904 -17.646577 98.969641
-0.891561 0.042149 0.450936 0.010407 0.997304 -0.072643 -0.452782 -0.060072 -0.889595 344.605697 -17.676254 98.601881
-0.898498 0.041917 0.436972 0.011375 0.997320 -0.072280 -0.438830 -0.059973 -0.896566 344.749263 -17.701213 98.279223
-0.898248 0.041557 0.437520 0.010724 0.997296 -0.072708 -0.439359 -0.060618 -0.896264 344.914284 -17.728166 97.943402
-0.900986 0.041486 0.431861 0.010794 0.997253 -0.073280 -0.433715 -0.061363 -0.898958 345.065439 -17.753302 97.618230
-0.902991 0.041374 0.427663 0.011128 0.997271 -0.072984 -0.429516 -0.061145 -0.900987 345.211272 -17.778365 97.300808
-0.904916 0.040807 0.423630 0.011045 0.997309 -0.072475 -0.425448 -0.060905 -0.902931 345.371221 -17.805490 96.952426
-0.906504 0.040765 0.420224 0.011351 0.997321 -0.072260 -0.422044 -0.060734 -0.904539 345.508483 -17.829485 96.648140
-0.910104 0.040411 0.412405 0.011421 0.997302 -0.072518 -0.414223 -0.061289 -0.908110 345.663566 -17.857274 96.292631
-0.913294 0.040059 0.405327 0.011480 0.997288 -0.072697 -0.407140 -0.061741 -0.911277 345.787162 -17.879256 96.000360
-0.916900 0.039335 0.397175 0.011336 0.997297 -0.072601 -0.398957 -0.062065 -0.914867 345.898726 -17.900271 95.727224
-0.918162 0.039473 0.394235 0.011619 0.997279 -0.072793 -0.396036 -0.062255 -0.916122 346.011403 -17.922298 95.458006
-0.916848 0.038805 0.397346 0.010595 0.997279 -0.072948 -0.399096 -0.062673 -0.914765 346.187292 -17.954101 95.060959
-0.919650 0.038108 0.390885 0.010460 0.997305 -0.072620 -0.392599 -0.062697 -0.917570 346.316303 -17.978207 94.745136
-0.925909 0.037486 0.375883 0.011060 0.997328 -0.072218 -0.377585 -0.062710 -0.923849 346.407742 -17.996864 94.485082
-0.930235 0.037331 0.365062 0.011763 0.997334 -0.072013 -0.366777 -0.062695 -0.928194 346.640664 -18.051505 93.879435
-0.934185 0.037387 0.354825 0.012583 0.997328 -0.071959 -0.356568 -0.062758 -0.932159 346.860375 -18.104779 93.287746
-0.937169 0.037100 0.346898 0.012795 0.997316 -0.072095 -0.348641 -0.063126 -0.935128 346.962109 -18.126735 92.994469
-0.938080 0.036207 0.344522 0.012073 0.997336 -0.071940 -0.346209 -0.063326 -0.936018 347.077425 -18.151203 92.678477
-0.938489 0.036475 0.343378 0.012283 0.997302 -0.072367 -0.345092 -0.063698 -0.936405 347.188204 -18.175285 92.371394
-0.937062 0.036497 0.347251 0.011789 0.997262 -0.073003 -0.348965 -0.064314 -0.934926 347.328585 -18.204789 92.002081
-0.936344 0.036536 0.349178 0.011597 0.997246 -0.073249 -0.350893 -0.064537 -0.934189 347.558439 -18.261029 91.390829
-0.936677 0.036533 0.348285 0.011684 0.997250 -0.073183 -0.350001 -0.064479 -0.934528 347.872310 -18.342972 90.550816
-0.938491 0.036156 0.343405 0.011729 0.997267 -0.072945 -0.345104 -0.064431 -0.936350 348.067061 -18.392529 90.013579
-0.940315 0.036173 0.338377 0.012107 0.997261 -0.072964 -0.340090 -0.064513 -0.938178 348.172784 -18.416103 89.706545
-0.946972 0.036004 0.319293 0.013490 0.997281 -0.072446 -0.321033 -0.064298 -0.944883 348.278738 -18.442942 89.344706
-0.950988 0.035580 0.307175 0.013935 0.997280 -0.072374 -0.308915 -0.064547 -0.948897 348.351187 -18.461326 89.087090
-0.954360 0.035404 0.296554 0.014476 0.997265 -0.072472 -0.298309 -0.064871 -0.952262 348.456766 -18.489480 88.720247
-0.954961 0.034990 0.294660 0.014173 0.997268 -0.072492 -0.296391 -0.065051 -0.952849 348.635762 -18.541454 88.141578
-0.955424 0.035071 0.293146 0.014257 0.997242 -0.072842 -0.294892 -0.065416 -0.953289 348.813662 -18.593888 87.561707
-0.958593 0.034417 0.282694 0.014332 0.997243 -0.072813 -0.284420 -0.065746 -0.956443 348.899506 -18.617624 87.244684
-0.958092 0.034428 0.284383 0.014214 0.997242 -0.072840 -0.286107 -0.065746 -0.955940 349.086594 -18.673736 86.619059
-0.959454 0.034022 0.279804 0.014220 0.997267 -0.072498 -0.281506 -0.065580 -0.957316 349.249544 -18.724272 86.055174
-0.963750 0.033872 0.264650 0.015164 0.997259 -0.072415 -0.266377 -0.065777 -0.961622 349.314653 -18.744523 85.769174
-0.964202 0.033876 0.262995 0.015198 0.997236 -0.072735 -0.264732 -0.066134 -0.962052 349.471467 -18.796279 85.194085
-0.964533 0.033845 0.261785 0.015150 0.997209 -0.073105 -0.263529 -0.066546 -0.962354 349.630687 -18.848901 84.608373
-0.963571 0.033878 0.265298 0.014794 0.997178 -0.073607 -0.267043 -0.067001 -0.961353 349.739284 -18.878894 84.223025
-0.966299 0.033588 0.255223 0.015299 0.997192 -0.073309 -0.256969 -0.066934 -0.964099 349.827169 -18.906571 83.860682
-0.966326 0.033498 0.255131 0.015200 0.997190 -0.073358 -0.256872 -0.067010 -0.964120 349.914600 -18.932434 83.528853
