0 0.0015161708479138022 0.1345785513532092 100 6.289308176100628
0 0.0012379308066838744 0.15497002691139045 200 6.666666666666667
0 0.0002773527570219823 0.15802841230683137 300 7.194244604316546
0 0.000399892570646713 0.09909880873677414 400 7.312614259597805
0 0.000708860569957624 0.03164436350707742 500 7.587253414264036
10 0.001618773246190092 0.14090676803417065 100 6.211180124223602
10 0.0013188547635674195 0.16359724449444787 200 6.666666666666667
10 0.00026175680259751805 0.15491689040817458 300 7.194244604316546
10 0.00041772804424594043 0.09258808408767243 400 7.2992700729927
10 0.0007432031117221572 0.022042515571017714 500 7.575757575757576
20 0.00170629784799978 0.15135394265673344 100 6.134969325153374
20 0.0013118215542738776 0.17160343974186415 200 6.666666666666667
20 0.00021665156016304754 0.14963541621401238 300 7.194244604316546
20 0.0004231002404569219 0.08589540108035681 400 7.2992700729927
20 0.0007814245614477805 0.017064014196408635 500 7.552870090634441
30 0.0016208798476932626 0.16598515293745525 100 5.9523809523809526
30 0.0012907236253321636 0.18059670724012958 200 6.68896321070234
30 0.00017098467935537672 0.14729617897885103 300 7.211538461538462
30 0.0004376038712720492 0.08055082442476497 400 7.312614259597805
30 0.0008053126158003123 0.017252076746048752 500 7.541478129713425
40 0.0012756279322403627 0.18621675294541123 100 5.847953216374268
40 0.0012003643722743945 0.18296452488778805 200 6.7340067340067336
40 0.00010280167043734802 0.14357212781773648 300 7.246376811594202
40 0.0005415251860092461 0.07554296162571836 400 7.326007326007326
40 0.0008651792088226818 0.031894860306783054 500 7.518796992481203
50 0.0011926675171901532 0.19087768519899534 100 5.847953216374268
50 0.0010577708339913395 0.17396795244873758 200 6.779661016949152
50 0.00013916569004492082 0.12785639609474847 300 7.281553398058252
50 0.0006373566676864107 0.06561714957048005 400 7.366482504604051
50 0.0009063042405857165 0.048694343955331586 500 7.485029940119761
60 0.0009975930992022956 0.19965030058720484 100 5.9880239520958085
60 0.000965536329519303 0.17292376588676311 200 6.896551724137931
60 0.00024087756178384852 0.12361496359886343 300 7.352941176470588
60 0.0007440177615410804 0.07211260160161248 400 7.434944237918215
60 0.000949832678010627 0.0757359205337994 500 7.429420505200595
70 0.0007962951630011348 0.19745825646006562 100 6.211180124223602
70 0.0008425289109346061 0.16254563798996377 200 7.04225352112676
70 0.0003394364989837149 0.11127706028122059 300 7.481296758104738
70 0.0008500753782140858 0.07304671838781217 400 7.518796992481203
70 0.0011007260569921226 0.10085894197886708 500 7.418397626112759
80 0.00036322023050949244 0.18307540212037204 100 6.451612903225806
80 0.0006477031457595575 0.13583404724085327 200 7.2202166064981945
80 0.0005341968670475177 0.08580496755475801 300 7.614213197969542
80 0.0009656948535060595 0.0824097033420215 400 7.619047619047619
80 0.0011482331466559444 0.1371278428241421 500 7.44047619047619
90 0.0004689053828659795 0.17648352454154131 100 6.7114093959731544
90 0.00025115602732548047 0.10508144101203351 200 7.380073800738007
90 0.0008388705036873238 0.08426803705643322 300 7.751937984496124
90 0.0011827369467933536 0.13915934635039515 400 7.722007722007722
90 0.0012005000490246775 0.21095587139975328 500 7.44047619047619
100 0.0007601670541383064 0.16209414752646986 100 6.896551724137931
100 0.0003039574448345687 0.09283528887631867 200 7.518796992481203
100 0.000977212055244192 0.08507539732292922 300 7.832898172323759
100 0.0012543882875609416 0.14915791415835078 400 7.797270955165692
100 0.0012911076464358876 0.22654353506680155 500 7.342143906020557
110 0.0005128656774210006 0.14311619164773792 100 6.896551724137931
110 0.00030390482648673357 0.09056003771509465 200 7.547169811320755
110 0.0008797044702924693 0.05793789330703164 300 7.894736842105263
110 0.0011719670841905197 0.11131605814674103 400 7.858546168958742
120 6.853976269311742e-05 0.1397534740468887 100 6.84931506849315
120 0.0001664851018624287 0.09573331862280046 200 7.575757575757575
120 0.0008839347318658636 0.058072158383837454 300 7.894736842105263
120 0.0011329263915832034 0.10667673516757337 400 7.905138339920948
130 0.0003471266956030154 0.1319190106547773 100 6.84931506849315
130 0.00018003406281891208 0.08229773490861841 200 7.575757575757575
130 0.0008544587099801774 0.058201838880242156 300 7.812499999999999
130 0.001188403945157989 0.11771141605120286 400 7.920792079207921
140 0.00037530455433244217 0.11330537801374574 100 6.896551724137931
140 0.0002059930474385856 0.07563489875408773 200 7.633587786259541
140 0.0009544581801595649 0.06295975732947352 300 7.751937984496124
140 0.0012216318135159071 0.12864340151107453 400 7.936507936507936
150 0.0007428858929445415 0.10355804109027433 100 6.9930069930069925
150 0.0003406762291241334 0.0679506712861079 200 7.662835249042145
150 0.0010033486401442994 0.06078148808644222 300 7.712082262210796
150 0.001236275563294855 0.12805595281454166 400 7.96812749003984
160 0.0012860929274048053 0.10063906276041357 100 7.04225352112676
160 0.00038955043943451797 0.06610478576642712 200 7.722007722007722
160 0.0010359311385181678 0.059223239283670966 300 7.712082262210796
160 0.0012653510924111586 0.12886581948338668 400 7.984031936127744
170 0.0013078979746998043 0.09997295415455638 100 7.142857142857143
170 0.00045236887935389924 0.056474520564857696 200 7.782101167315174
170 0.0010686905401134843 0.0666865177960136 300 7.731958762886597
170 0.001301344461912409 0.14056256213603155 400 8.0
180 0.0013185880335746494 0.09727981308974142 100 7.246376811594202
180 0.0005457892772056638 0.043590483135923855 200 7.8431372549019605
180 0.001073079728254802 0.07501726755730405 300 7.772020725388601
180 0.0013449570791097933 0.15356640718577355 400 8.0
190 0.0013852217372562067 0.09794346382369035 100 7.407407407407407
190 0.00059436339016385 0.03681778099508336 200 7.936507936507936
190 0.0011120442958198744 0.08483978209186349 300 7.832898172323759
190 0.0013657615670061537 0.1652888398541413 400 8.032128514056224
200 0.0013924353079566676 0.09834885472418994 100 7.575757575757575
200 0.0005195559258990081 0.039937647870573106 200 8.064516129032258
200 0.0010810265646562366 0.08282241980083417 300 7.9155672823219
200 0.0013694600576330024 0.16529303562445244 400 8.064516129032258
210 0.0013788420400512099 0.09768662767010822 100 7.8125
210 0.00054994869990048 0.04977711684738183 200 8.16326530612245
210 0.001135780045509062 0.08125026798081735 300 7.978723404255319
210 0.0013700637785934683 0.162681012594476 400 8.080808080808081
220 0.0011691983389222247 0.08214123923144719 100 8.0
220 0.0007277153373565395 0.047718472942508 200 8.264462809917354
220 0.0012613435472161956 0.10599741475992412 300 8.02139037433155
220 0.0014211247040302008 0.18904046621427928 400 8.016032064128256
230 0.0009463153687115749 0.06936319978744657 100 8.064516129032258
230 0.0008620113780214693 0.03714237829433499 200 8.29875518672199
230 0.00137574528868397 0.11298027358997553 300 8.064516129032258
230 0.0015631801052165939 0.20362124897654904 400 7.782101167315174
240 0.0008205402116360128 0.07235040007467787 100 8.130081300813007
240 0.0010472668172014875 0.04689587348599426 200 8.368200836820083
240 0.001433203539793328 0.13033345410720618 300 8.108108108108109
240 0.0014062748727325914 0.22246556704257162 400 7.575757575757575
250 0.0008035290205680024 0.07291025230854832 100 8.19672131147541
250 0.0011655239539229262 0.04296985427971624 200 8.438818565400842
250 0.0014580706721905533 0.1326451875505007 300 8.174386920980925
260 0.0005218762795034582 0.0798567994300943 100 8.333333333333334
260 0.001253569462685264 0.05450028759508514 200 8.51063829787234
260 0.0014909596847363107 0.14342146908859438 300 8.264462809917354
270 0.0001811918745382323 0.07238136293946676 100 8.333333333333334
270 0.0013788825767997233 0.06133077392746162 200 8.438818565400842
270 0.001551083563036427 0.15538852868502628 300 8.310249307479223
280 0.000586244955012285 0.053638335548307985 100 8.403361344537815
280 0.001496452018344492 0.09834217119067766 200 8.23045267489712
280 0.0017178078691047693 0.19393964048806878 300 8.333333333333334
290 0.0011770998887166535 0.028207156766867116 100 8.403361344537815
290 0.0017659819868308967 0.12673666660416935 200 8.130081300813007
290 0.001823783512375727 0.22531525697974975 300 8.333333333333334
300 0.001873767877975642 0.06989485607622785 100 8.403361344537815
300 0.0020614775438550577 0.18244496538950572 200 8.064516129032258
300 0.0020340763191742293 0.2798345582317478 300 8.310249307479223
310 0.0021126918856728284 0.09715694149188214 100 8.403361344537815
310 0.002147671485845876 0.2147684938177561 200 8.0
310 0.0021163383390320092 0.3083039692792644 300 8.287292817679557
320 0.0022600071095933297 0.11389062824603066 100 8.47457627118644
320 0.002153361505499659 0.23339415885913706 200 8.0
320 0.002167093765607692 0.3271375116704661 300 8.241758241758243
330 0.002308492751769713 0.13599480041947493 100 8.47457627118644
330 0.002183371192401756 0.2517620325598158 200 8.032128514056224
330 0.0022337916305223754 0.3484015973075431 300 8.19672131147541
340 0.0023189972827845646 0.12947230512005092 100 8.47457627118644
340 0.002271038189224169 0.24820117990447862 200 8.0
340 0.002230659180295783 0.34458884769902115 300 8.064516129032258
350 0.002541112349689686 0.13985373820470406 100 8.403361344537815
350 0.0024061475887056424 0.2553968038848511 200 8.0
350 0.0022385487942064904 0.35320938159234516 300 7.751937984496124
360 0.002803158563008933 0.15968748797375695 100 8.47457627118644
360 0.0024891333034865004 0.2725411828100315 200 8.032128514056224
360 0.002093248374443272 0.37126456217886633 300 7.425742574257424
370 0.0030984724641141713 0.17994959740047262 100 8.547008547008547
370 0.0025490191043759454 0.2855933956302137 200 8.130081300813007
380 0.0029524695590754323 0.16978966722521008 100 8.547008547008547
380 0.002444774325820156 0.2713418393692942 200 8.19672131147541
390 0.0027673497634622037 0.17015153727117716 100 8.333333333333334
390 0.002390036133972197 0.2682900191803934 200 8.23045267489712
400 0.002407520327407163 0.1475813473367851 100 7.936507936507936
400 0.0022456920608479314 0.24293551163552507 200 8.23045267489712
410 0.002361366061736515 0.1461107750088405 100 7.6923076923076925
410 0.002154121532649896 0.23986561559045547 200 8.23045267489712
420 0.002305439795187768 0.14195557304280754 100 7.575757575757575
420 0.0021329923049385724 0.23690119498762932 200 8.19672131147541
430 0.0021924373993471003 0.15264850306164407 100 7.518796992481203
430 0.002150726458108201 0.24467113154193748 200 8.16326530612245
440 0.0022003150482023705 0.16078062577184415 100 7.518796992481203
440 0.0021677931078214903 0.2552729276456057 200 8.064516129032258
450 0.002094177830633681 0.1573387604896597 100 7.518796992481203
450 0.0021837869562338626 0.25446843017516074 200 7.96812749003984
460 0.0023763219617484936 0.15474447517084985 100 7.518796992481203
460 0.0021388953331498554 0.25108787873026084 200 7.751937984496124
470 0.0024374241623716067 0.14833619251296548 100 7.575757575757575
470 0.002304352969518774 0.24282460969407285 200 7.2727272727272725
480 0.0021887715376815416 0.14036678016816062 100 7.575757575757575
480 0.0018411122849920124 0.22774947468906856 200 6.756756756756756
490 0.0020211142678279305 0.1355479869630539 100 7.6923076923076925
500 0.0018644539697561663 0.14275263343032396 100 7.874015748031495
510 0.0020779656364182256 0.15206517790091278 100 8.064516129032258
520 0.0022027809519695263 0.1554213413872065 100 8.333333333333334
530 0.001953537494970258 0.1591639878903164 100 8.547008547008547
540 0.0019588076813109954 0.17036157333238994 100 8.771929824561402
550 0.0019572676695046045 0.17833946737022757 100 8.849557522123893
560 0.002114742619433274 0.19377645279364714 100 8.771929824561402
570 0.0022203975817286386 0.2089763123339507 100 8.620689655172413
580 0.002416220009118489 0.20640528430673935 100 8.403361344537815
590 0.002217649448853193 0.1872819365265185 100 8.0
600 0.0022045578335303335 0.14484575232673658 100 6.9930069930069925
610 0.0016657641408741556 0.125880093817643 100 6.0606060606060606
